,theta i [rad],r orb [AU],v orb [km s-1],ang orb [rad],r L1 [AU],v i [km s-1],ang i [rad],a p [AU],e p,theta p i [rad],flag impact,v imp [km s-1],ang imp [rad]
0,0.0,6.06001829995,28.378702779,1.57079632679,2.0018078513,2.8378702779,1.57079632679,1.01007957345,0.981831831791,3.14159265359,0.0,0.0,0.0
1,0.00773358953589,6.06003477446,28.3786326435,1.57149937518,2.00181329333,2.83786326435,1.57782686795,1.01008229881,0.981832778519,3.14172274454,0.0,0.0,0.0
2,0.0154670949907,6.06008419682,28.3784222432,1.57220238464,2.00182961904,2.83784222432,1.58485736394,1.01009047471,0.981835618468,3.14185280645,0.0,0.0,0.0
3,0.0232004322587,6.06016656355,28.3780715969,1.57290531627,2.00185682727,2.83780715969,1.59188776958,1.01010410056,0.981840350933,3.14198281029,0.0,0.0,0.0
4,0.030933517282,6.06028186882,28.3775807353,1.57360813115,2.0018949161,2.83775807353,1.59891803972,1.0101231754,0.981846974741,3.14211272703,0.0,0.0,0.0
5,0.038666266026,6.06043010448,28.3769497021,1.5743107904,2.00194388283,2.83769497021,1.60594812922,1.01014769787,0.98185548825,3.1422425277,0.0,0.0,0.0
6,0.0463985944962,6.06061126006,28.376178553,1.57501325513,2.00200372401,2.8376178553,1.61297799296,1.01017766624,0.98186588935,3.14237218334,0.0,0.0,0.0
7,0.0541304187485,6.06082532276,28.3752673562,1.57571548649,2.00207443542,2.83752673562,1.62000758585,1.01021307838,0.981878175463,3.14250166504,0.0,0.0,0.0
8,0.0618616548989,6.06107227746,28.3742161922,1.57641744566,2.00215601204,2.83742161922,1.62703686283,1.01025393178,0.981892343545,3.14263094396,0.0,0.0,0.0
9,0.0695922191337,6.06135210672,28.3730251539,1.57711909383,2.00224844814,2.83730251539,1.6340657789,1.01030022355,0.981908390087,3.1427599913,0.0,0.0,0.0
10,0.0773220277194,6.06166479078,28.3716943466,1.57782039223,2.00235173716,2.83716943466,1.64109428908,1.0103519504,0.981926311115,3.14288877835,0.0,0.0,0.0
11,0.0850509970128,6.06201030757,28.3702238877,1.57852130215,2.00246587184,2.83702238877,1.64812234845,1.01040910867,0.981946102195,3.14301727647,0.0,0.0,0.0
12,0.0927790434708,6.06238863271,28.3686139071,1.5792217849,2.00259084411,2.83686139071,1.65514991216,1.01047169433,0.981967758429,3.14314545713,0.0,0.0,0.0
13,0.10050608366,6.06279973951,28.3668645468,1.57992180185,2.00272664515,2.83668645468,1.6621769354,1.01053970292,0.981991274462,3.14327329187,0.0,0.0,0.0
14,0.108232034267,6.06324359899,28.3649759611,1.58062131441,2.0028732654,2.83649759611,1.66920337345,1.01061312965,0.982016644483,3.14340075236,0.0,0.0,0.0
15,0.115956812109,6.06372017984,28.3629483164,1.58132028405,2.00303069451,2.83629483164,1.67622918165,1.01069196932,0.982043862224,3.14352781038,0.0,0.0,0.0
16,0.123680334142,6.06422944851,28.3607817913,1.58201867231,2.0031989214,2.83607817913,1.68325431543,1.01077621635,0.982072920966,3.14365443783,0.0,0.0,0.0
17,0.131402517481,6.06477136911,28.3584765765,1.58271644078,2.00337793421,2.83584765765,1.69027873029,1.0108658648,0.982103813539,3.14378060674,0.0,0.0,0.0
18,0.13912327937,6.06534590351,28.3560328749,1.58341355113,2.00356772035,2.83560328749,1.69730238183,1.01096090832,0.982136532326,3.14390628931,0.0,0.0,0.0
19,0.146842537253,6.06595301128,28.3534509013,1.5841099651,2.00376826646,2.83534509013,1.70432522575,1.01106134022,0.982171069267,3.14403145786,0.0,0.0,0.0
20,0.154560208739,6.06659264972,28.3507308824,1.58480564449,2.00397955844,2.83507308824,1.71134721784,1.0111671534,0.982207415858,3.14415608488,0.0,0.0,0.0
21,0.162276211629,6.06726477389,28.347873057,1.58550055122,2.00420158144,2.8347873057,1.718368314,1.01127834039,0.98224556316,3.14428014303,0.0,0.0,0.0
22,0.169990463919,6.06796933658,28.3448776758,1.58619464725,2.00443431986,2.83448776758,1.72538847026,1.01139489337,0.982285501795,3.14440360515,0.0,0.0,0.0
23,0.177702883813,6.06870628833,28.3417450011,1.58688789466,2.00467775738,2.83417450011,1.73240764274,1.01151680413,0.982327221957,3.14452644424,0.0,0.0,0.0
24,0.18541338973,6.06947557745,28.3384753072,1.58758025561,2.0049318769,2.83384753072,1.73942578771,1.01164406408,0.98237071341,3.14464863353,0.0,0.0,0.0
25,0.193121900315,6.07027715,28.33506888,1.58827169235,2.00519666063,2.833506888,1.74644286155,1.01177666428,0.982415965494,3.14477014642,0.0,0.0,0.0
26,0.20082833445,6.07111094985,28.3315260172,1.58896216726,2.00547209001,2.83315260172,1.75345882078,1.0119145954,0.98246296713,3.14489095653,0.0,0.0,0.0
27,0.208532611257,6.07197691863,28.327847028,1.5896516428,2.00575814576,2.8327847028,1.76047362205,1.01205784775,0.982511706821,3.1450110377,0.0,0.0,0.0
28,0.216234650117,6.07287499577,28.3240322331,1.59034008154,2.00605480788,2.83240322331,1.76748722217,1.01220641128,0.98256217266,3.14513036397,0.0,0.0,0.0
29,0.223934370667,6.07380511852,28.3200819647,1.59102744616,2.00636205564,2.83200819647,1.77449957809,1.01236027558,0.982614352331,3.14524890964,0.0,0.0,0.0
30,0.231631692821,6.07476722191,28.3159965665,1.59171369949,2.00667986757,2.83159965665,1.78151064692,1.01251942986,0.982668233115,3.14536664922,0.0,0.0,0.0
31,0.239326536769,6.07576123884,28.3117763932,1.59239880444,2.00700822151,2.83117763932,1.78852038592,1.01268386299,0.982723801894,3.1454835575,0.0,0.0,0.0
32,0.247018822993,6.07678710001,28.3074218111,1.59308272406,2.00734709457,2.83074218111,1.79552875252,1.01285356345,0.982781045158,3.1455996095,0.0,0.0,0.0
33,0.254708472273,6.07784473398,28.3029331976,1.59376542154,2.00769646314,2.83029331976,1.80253570432,1.0130285194,0.982839949005,3.14571478049,0.0,0.0,0.0
34,0.262395405694,6.07893406716,28.298310941,1.59444686018,2.00805630294,2.8298310941,1.80954119911,1.01320871862,0.982900499153,3.14582904602,0.0,0.0,0.0
35,0.270079544657,6.08005502385,28.2935554408,1.59512700343,2.00842658893,2.82935554408,1.81654519482,1.01339414854,0.982962680938,3.14594238193,0.0,0.0,0.0
36,0.277760810887,6.08120752621,28.2886671075,1.59580581488,2.00880729542,2.82886671075,1.8235476496,1.01358479625,0.983026479324,3.14605476431,0.0,0.0,0.0
37,0.285439126442,6.0823914943,28.2836463622,1.59648325826,2.00919839599,2.82836463622,1.83054852177,1.01378064847,0.983091878907,3.14616616955,0.0,0.0,0.0
38,0.29311441372,6.08360684608,28.278493637,1.59715929744,2.00959986354,2.8278493637,1.83754776987,1.01398169159,0.983158863919,3.14627657434,0.0,0.0,0.0
39,0.300786595467,6.08485349743,28.2732093745,1.59783389646,2.01001167029,2.82732093745,1.8445453526,1.01418791164,0.983227418236,3.14638595565,0.0,0.0,0.0
40,0.308455594787,6.08613136216,28.267794028,1.59850701949,2.01043378777,2.8267794028,1.85154122889,1.01439929433,0.983297525383,3.14649429078,0.0,0.0,0.0
41,0.31612133515,6.08744035203,28.2622480613,1.59917863087,2.01086618683,2.82622480613,1.85853535787,1.014615825,0.98336916854,3.14660155732,0.0,0.0,0.0
42,0.323783740398,6.08878037675,28.2565719484,1.5998486951,2.01130883764,2.82565719484,1.86552769888,1.01483748868,0.983442330545,3.14670773318,0.0,0.0,0.0
43,0.331442734755,6.09015134401,28.2507661739,1.60051717685,2.0117617097,2.82507661739,1.87251821149,1.01506427003,0.983516993904,3.14681279662,0.0,0.0,0.0
44,0.339098242831,6.09155315947,28.2448312325,1.60118404095,2.01222477187,2.82448312325,1.87950685547,1.01529615341,0.983593140797,3.14691672618,0.0,0.0,0.0
45,0.346750189637,6.0929857268,28.2387676288,1.60184925239,2.0126979923,2.82387676288,1.88649359083,1.01553312282,0.98367075308,3.14701950078,0.0,0.0,0.0
46,0.354398500584,6.09444894768,28.2325758777,1.60251277636,2.01318133854,2.82325758777,1.89347837781,1.01577516195,0.983749812296,3.14712109965,0.0,0.0,0.0
47,0.362043101497,6.09594272183,28.2262565038,1.60317457821,2.01367477745,2.82262565038,1.90046117687,1.01602225415,0.983830299679,3.14722150238,0.0,0.0,0.0
48,0.369683918619,6.09746694699,28.2198100416,1.60383462348,2.01417827525,2.82198100416,1.90744194873,1.01627438246,0.983912196161,3.1473206889,0.0,0.0,0.0
49,0.377320878619,6.09902151899,28.2132370354,1.60449287787,2.01469179753,2.82132370354,1.91442065434,1.01653152958,0.983995482379,3.1474186395,0.0,0.0,0.0
50,0.384953908599,6.10060633171,28.2065380388,1.60514930731,2.01521530924,2.82065380388,1.92139725488,1.0167936779,0.98408013868,3.14751533481,0.0,0.0,0.0
51,0.392582936103,6.10222127712,28.1997136152,1.60580387787,2.0157487747,2.81997136152,1.92837171182,1.0170608095,0.984166145129,3.14761075586,0.0,0.0,0.0
52,0.40020788912,6.10386624533,28.192764337,1.60645655586,2.01629215759,2.8192764337,1.93534398685,1.01733290614,0.984253481517,3.14770488401,0.0,0.0,0.0
53,0.407828696094,6.10554112453,28.1856907862,1.60710730776,2.01684542099,2.81856907862,1.94231404193,1.01760994926,0.984342127366,3.147797701,0.0,0.0,0.0
54,0.415445285931,6.10724580108,28.1784935539,1.60775610024,2.01740852735,2.81784935539,1.94928183928,1.01789192,0.984432061935,3.14788918896,0.0,0.0,0.0
55,0.423057588001,6.10898015947,28.17117324,1.60840290019,2.01798143853,2.817117324,1.9562473414,1.0181787992,0.984523264229,3.14797933039,0.0,0.0,0.0
56,0.430665532152,6.1107440824,28.1637304534,1.60904767471,2.01856411578,2.81637304534,1.96321051103,1.01847056739,0.984615713007,3.14806810817,0.0,0.0,0.0
57,0.438269048708,6.11253745071,28.1561658121,1.60969039109,2.01915651972,2.81561658121,1.97017131121,1.0187672048,0.984709386785,3.14815550556,0.0,0.0,0.0
58,0.445868068482,6.1143601435,28.1484799423,1.61033101683,2.01975861044,2.81484799423,1.97712970524,1.01906869136,0.984804263847,3.14824150622,0.0,0.0,0.0
59,0.453462522778,6.11621203806,28.1406734792,1.61096951965,2.02037034738,2.81406734792,1.98408565671,1.01937500671,0.984900322249,3.14832609421,0.0,0.0,0.0
60,0.461052343399,6.11809300993,28.132747066,1.6116058675,2.02099168944,2.8132747066,1.99103912949,1.0196861302,0.984997539831,3.14840925395,0.0,0.0,0.0
61,0.468637462653,6.12000293292,28.1247013547,1.61224002851,2.02162259493,2.81247013547,1.99799008774,1.02000204088,0.985095894217,3.14849097031,0.0,0.0,0.0
62,0.476217813356,6.12194167912,28.1165370052,1.61287197106,2.0222630216,2.81165370052,2.00493849589,1.02032271754,0.985195362829,3.14857122851,0.0,0.0,0.0
63,0.483793328841,6.12390911889,28.1082546854,1.61350166375,2.02291292663,2.81082546854,2.01188431868,1.02064813866,0.985295922892,3.14865001421,0.0,0.0,0.0
64,0.491363942962,6.12590512095,28.0998550715,1.61412907539,2.02357226665,2.80998550715,2.01882752116,1.02097828246,0.985397551438,3.14872731345,0.0,0.0,0.0
65,0.498929590098,6.12792955231,28.0913388472,1.61475417504,2.02424099773,2.80913388472,2.02576806865,1.02131312688,0.98550022532,3.14880311269,0.0,0.0,0.0
66,0.506490205161,6.12998227836,28.082706704,1.61537693197,2.0249190754,2.8082706704,2.03270592678,1.02165264957,0.985603921212,3.1488773988,0.0,0.0,0.0
67,0.5140457236,6.13206316286,28.0739593411,1.61599731568,2.02560645467,2.80739593411,2.03964106151,1.02199682793,0.985708615623,3.14895015905,0.0,0.0,0.0
68,0.521596081405,6.13417206794,28.065097465,1.61661529593,2.02630308998,2.8065097465,2.04657343906,1.02234563909,0.985814284899,3.14902138115,0.0,0.0,0.0
69,0.529141215112,6.13630885418,28.0561217896,1.61723084269,2.02700893528,2.80561217896,2.05350302601,1.02269905991,0.985920905235,3.14909105319,0.0,0.0,0.0
70,0.536681061809,6.13847338054,28.0470330359,1.61784392618,2.02772394399,2.80470330359,2.06042978922,1.02305706699,0.986028452679,3.14915916369,0.0,0.0,0.0
71,0.54421555914,6.14066550446,28.0378319321,1.61845451685,2.02844806901,2.80378319321,2.06735369588,1.02341963669,0.98613690314,3.14922570159,0.0,0.0,0.0
72,0.551744645309,6.14288508186,28.0285192132,1.61906258541,2.02918126275,2.80285192132,2.07427471349,1.02378674509,0.986246232396,3.14929065625,0.0,0.0,0.0
73,0.559268259085,6.1451319671,28.0190956211,1.6196681028,2.02992347709,2.80190956211,2.08119280987,1.02415836803,0.986356416103,3.14935401744,0.0,0.0,0.0
74,0.566786339806,6.14740601311,28.0095619044,1.62027104021,2.03067466346,2.80095619044,2.08810795318,1.02453448112,0.986467429799,3.14941577536,0.0,0.0,0.0
75,0.574298827382,6.14970707129,27.9999188182,1.62087136909,2.03143477277,2.79999188182,2.09502011188,1.0249150597,0.986579248914,3.1494759206,0.0,0.0,0.0
76,0.5818056623,6.15203499162,27.9901671239,1.62146906111,2.03220375546,2.79901671239,2.10192925478,1.02530007888,0.986691848776,3.14953444422,0.0,0.0,0.0
77,0.58930678563,6.15438962265,27.9803075893,1.62206408822,2.03298156151,2.79803075893,2.108835351,1.02568951354,0.98680520462,3.14959133765,0.0,0.0,0.0
78,0.596802139023,6.15677081151,27.9703409884,1.62265642261,2.03376814041,2.79703409884,2.11573837,1.02608333831,0.986919291591,3.14964659277,0.0,0.0,0.0
79,0.604291664722,6.15917840392,27.9602681012,1.62324603673,2.03456344121,2.79602681012,2.12263828158,1.02648152761,0.987034084758,3.14970020187,0.0,0.0,0.0
80,0.611775305557,6.16161224427,27.9500897134,1.62383290328,2.03536741249,2.79500897134,2.12953505586,1.02688405561,0.987149559116,3.14975215767,0.0,0.0,0.0
81,0.619253004957,6.16407217557,27.9398066167,1.62441699523,2.03618000241,2.79398066167,2.13642866332,1.02729089628,0.987265689595,3.1498024533,0.0,0.0,0.0
82,0.626724706946,6.16655803951,27.9294196083,1.62499828578,2.03700115867,2.79294196083,2.14331907475,1.02770202336,0.987382451067,3.1498510823,0.0,0.0,0.0
83,0.634190356151,6.16906967645,27.9189294909,1.62557674843,2.03783082853,2.79189294909,2.15020626131,1.02811741036,0.987499818354,3.14989803865,0.0,0.0,0.0
84,0.641649897801,6.1716069255,27.9083370725,1.62615235691,2.03866895884,2.79083370725,2.15709019448,1.02853703059,0.987617766235,3.14994331673,0.0,0.0,0.0
85,0.649103277734,6.17416962446,27.8976431665,1.62672508524,2.03951549604,2.78976431665,2.16397084609,1.02896085716,0.987736269449,3.14998691134,0.0,0.0,0.0
86,0.656550442395,6.17675760993,27.8868485912,1.62729490767,2.04037038613,2.78868485912,2.17084818832,1.02938886296,0.98785530271,3.15002881771,0.0,0.0,0.0
87,0.663991338843,6.17937071723,27.8759541699,1.62786179874,2.04123357473,2.78759541699,2.17772219369,1.02982102067,0.987974840708,3.15006903145,0.0,0.0,0.0
88,0.67142591475,6.18200878052,27.8649607308,1.62842573326,2.04210500705,2.78649607308,2.18459283508,1.03025730278,0.988094858116,3.15010754862,0.0,0.0,0.0
89,0.678854118407,6.18467163274,27.8538691068,1.6289866863,2.0429846279,2.78538691068,2.1914600857,1.03069768159,0.988215329601,3.15014436567,0.0,0.0,0.0
90,0.686275898721,6.1873591057,27.8426801352,1.62954463318,2.04387238173,2.78426801352,2.19832391913,1.03114212921,0.988336229826,3.15017947947,0.0,0.0,0.0
91,0.693691205213,6.19007103003,27.831394658,1.63009954952,2.05096447988,2.7831394658,2.20518430928,1.03474488551,0.988422669222,3.15023931484,0.0,0.0,0.0
92,0.701099988053,6.19280723527,27.8200135212,1.6306514112,2.05187107041,2.78200135212,2.21204123044,1.03519875915,0.988544720512,3.15027110826,0.0,0.0,0.0
93,0.708502198009,6.19556754984,27.8085375751,1.63120019436,2.05278564911,2.78085375751,2.21889465723,1.03565662886,0.988667125619,3.15030118617,0.0,0.0,0.0
94,0.715897786484,6.1983518011,27.7969676742,1.63174587543,2.05370815878,2.77969676742,2.22574456464,1.0361184659,0.98878985919,3.15032954707,0.0,0.0,0.0
95,0.72328670551,6.20115981532,27.7853046767,1.63228843109,2.05463854187,2.77853046767,2.23259092801,1.03658424139,0.988912895906,3.15035618984,0.0,0.0,0.0
96,0.730668907747,6.20399141775,27.7735494446,1.63282783832,2.05557674048,2.77735494446,2.23943372301,1.03705392625,0.989036210483,3.15038111375,0.0,0.0,0.0
97,0.738044346487,6.20684643263,27.7617028435,1.63336407436,2.05652269636,2.77617028435,2.24627292572,1.03752749125,0.989159777684,3.15040431848,0.0,0.0,0.0
98,0.745412975653,6.20972468319,27.7497657427,1.63389711671,2.05747635095,2.77497657427,2.25310851253,1.03800490699,0.989283572323,3.15042580411,0.0,0.0,0.0
99,0.752774749802,6.2126259917,27.7377390148,1.63442694318,2.05843764536,2.77377390148,2.25994046021,1.03848614389,0.989407569271,3.15044557108,0.0,0.0,0.0
100,0.760129624123,6.21555017945,27.7256235356,1.63495353182,2.05940652038,2.77256235356,2.26676874589,1.03897117225,0.989531743462,3.15046362025,0.0,0.0,0.0
101,0.767477554443,6.21849706682,27.7134201841,1.63547686099,2.0603829165,2.77134201841,2.27359334704,1.03945996218,0.9896560699,3.15047995285,0.0,0.0,0.0
102,0.774818497222,6.22146647326,27.7011298422,1.6359969093,2.06136677389,2.77011298422,2.28041424151,1.03995248365,0.989780523667,3.15049457049,0.0,0.0,0.0
103,0.782152409558,6.22445821736,27.6887533949,1.63651365565,2.06235803244,2.76887533949,2.2872314075,1.04044870649,0.989905079924,3.15050747517,0.0,0.0,0.0
104,0.789479249185,6.2274721168,27.6762917298,1.63702707921,2.06335663176,2.76762917298,2.29404482356,1.04094860037,0.99002971392,3.15051866924,0.0,0.0,0.0
105,0.796798974474,6.23050798843,27.6637457371,1.63753715944,2.06436251114,2.76637457371,2.30085446862,1.04145213485,0.990154401,3.15052815547,0.0,0.0,0.0
106,0.804111544434,6.23356564826,27.6511163096,1.63804387606,2.06537560965,2.76511163096,2.30766032196,1.04195927932,0.990279116605,3.15053593694,0.0,0.0,0.0
107,0.811416918711,6.23664491151,27.6384043424,1.63854720909,2.06639586604,2.76384043424,2.31446236321,1.04247000304,0.990403836284,3.15054201714,0.0,0.0,0.0
108,0.818715057589,6.23974559259,27.6256107329,1.6390471388,2.06742321883,2.76256107329,2.32126057238,1.04298427517,0.990528535695,3.1505463999,0.0,0.0,0.0
109,0.826005921991,6.24286750516,27.6127363807,1.63954364576,2.06845760628,2.76127363807,2.32805492982,1.0435020647,0.990653190611,3.15054908941,0.0,0.0,0.0
110,0.833289473477,6.24601046212,27.5997821873,1.64003671081,2.06949896639,2.75997821873,2.33484541625,1.04402334053,0.990777776929,3.15055009023,0.0,0.0,0.0
111,0.840565674242,6.24917427565,27.5867490562,1.64052631508,2.07054723694,2.75867490562,2.34163201275,1.04454807142,0.99090227067,3.15054940725,0.0,0.0,0.0
112,0.847834487122,6.25235875723,27.5736378927,1.64101243996,2.07160235546,2.75736378927,2.34841470075,1.04507622602,0.991026647989,3.15054704572,0.0,0.0,0.0
113,0.855095875587,6.25556371762,27.5604496035,1.64149506713,2.07266425926,2.75604496035,2.35519346205,1.04560777288,0.991150885176,3.15054301122,0.0,0.0,0.0
114,0.862349803744,6.25878896697,27.5471850973,1.64197417854,2.07373288541,2.75471850973,2.3619682788,1.04614268041,0.991274958666,3.15053730969,0.0,0.0,0.0
115,0.869596236335,6.26203431473,27.5338452837,1.64244975642,2.07480817081,2.75338452837,2.3687391335,1.04668091695,0.991398845037,3.15052994738,0.0,0.0,0.0
116,0.876835138738,6.26529956975,27.5204310741,1.64292178329,2.0758900521,2.75204310741,2.37550600903,1.0472224507,0.991522521023,3.1505209309,0.0,0.0,0.0
117,0.884066476963,6.26858454029,27.5069433808,1.64339024194,2.07697846576,2.75069433808,2.38226888862,1.04776724979,0.991645963512,3.15051026715,0.0,0.0,0.0
118,0.891290217654,6.27188903399,27.4933831172,1.64385511542,2.07807334806,2.74933831172,2.38902775583,1.04831528223,0.991769149554,3.15049796338,0.0,0.0,0.0
119,0.898506328087,6.27521285793,27.4797511977,1.64431638707,2.07917463507,2.74797511977,2.39578259461,1.04886651595,0.991892056363,3.15048402716,0.0,0.0,0.0
120,0.905714776169,6.27855581868,27.4660485377,1.64477404052,2.08028226271,2.74660485377,2.40253338924,1.0494209188,0.992014661327,3.15046846634,0.0,0.0,0.0
121,0.912915530436,6.28191772223,27.4522760532,1.64522805966,2.08139616669,2.74522760532,2.40928012437,1.04997845851,0.992136942006,3.15045128912,0.0,0.0,0.0
122,0.920108560053,6.2852983741,27.4384346609,1.64567842865,2.08251628257,2.74384346609,2.41602278499,1.05053910277,0.992258876139,3.15043250399,0.0,0.0,0.0
123,0.927293834812,6.28869757931,27.424525278,1.64612513194,2.08364254576,2.7424525278,2.42276135646,1.05110281915,0.992380441649,3.15041211972,0.0,0.0,0.0
124,0.93447132513,6.2921151424,27.410548822,1.64656815425,2.08477489149,2.7410548822,2.42949582447,1.05166957516,0.992501616644,3.15039014541,0.0,0.0,0.0
125,0.941641002048,6.29555086748,27.396506211,1.64700748056,2.08591325485,2.7396506211,2.43622617507,1.05223933825,0.992622379427,3.15036659043,0.0,0.0,0.0
126,0.948802837229,6.29900455821,27.3823983632,1.64744309615,2.0870575708,2.73823983632,2.44295239467,1.05281207577,0.992742708491,3.15034146444,0.0,0.0,0.0
127,0.955956802959,6.30247601786,27.3682261967,1.64787498655,2.08820777415,2.73682261967,2.44967446999,1.05338775502,0.992862582533,3.15031477738,0.0,0.0,0.0
128,0.96310287214,6.30596504928,27.35399063,1.64830313758,2.08936379957,2.735399063,2.45639238815,1.05396634323,0.992981980448,3.15028653948,0.0,0.0,0.0
129,0.970241018292,6.30947145497,27.3396925811,1.6487275353,2.09052558164,2.73396925811,2.46310613658,1.05454780759,0.993100881339,3.15025676122,0.0,0.0,0.0
130,0.97737121555,6.31299503706,27.3253329681,1.64914816608,2.09169305478,2.73253329681,2.46981570306,1.05513211519,0.993219264519,3.15022545337,0.0,0.0,0.0
131,0.984493438663,6.31653559734,27.3109127087,1.64956501654,2.09286615334,2.73109127087,2.47652107572,1.0557192331,0.993337109512,3.15019262696,0.0,0.0,0.0
132,0.991607662988,6.32009293729,27.2964327202,1.64997807356,2.09404481152,2.72964327202,2.48322224302,1.05630912833,0.99345439606,3.15015829326,0.0,0.0,0.0
133,0.998713864495,6.32366685809,27.2818939194,1.65038732431,2.09522896345,2.72818939194,2.48991919378,1.05690176782,0.993571104123,3.15012246381,0.0,0.0,0.0
134,1.00581201976,6.32725716061,27.2672972226,1.65079275621,2.09641854317,2.72672972226,2.49661191714,1.0574971185,0.993687213885,3.15008515039,0.0,0.0,0.0
135,1.01290210595,6.3308636455,27.2526435454,1.65119435695,2.09761348461,2.72526435454,2.50330040259,1.05809514722,0.993802705753,3.15004636505,0.0,0.0,0.0
136,1.01998410086,6.33448611313,27.2379338026,1.6515921145,2.09881372163,2.72379338026,2.50998463995,1.05869582082,0.993917560365,3.15000612003,0.0,0.0,0.0
137,1.02705798286,6.33812436364,27.2231689081,1.65198601708,2.10001918802,2.72231689081,2.51666461937,1.05929910608,0.994031758588,3.14996442785,0.0,0.0,0.0
138,1.03412373093,6.34177819697,27.2083497749,1.65237605317,2.10122981748,2.72083497749,2.52334033135,1.05990496976,0.994145281524,3.14992130124,0.0,0.0,0.0
139,1.04118132464,6.34544741285,27.193477315,1.65276221152,2.10244554366,2.7193477315,2.53001176671,1.06051337859,0.994258110511,3.14987675315,0.0,0.0,0.0
140,1.04823074415,6.34913181086,27.1785524392,1.65314448115,2.10366630016,2.71785524392,2.53667891659,1.06112429925,0.994370227125,3.14983079676,0.0,0.0,0.0
141,1.05527197021,6.35283119038,27.1635760572,1.65352285133,2.1048920205,2.71635760572,2.54334177247,1.06173769842,0.994481613186,3.14978344546,0.0,0.0,0.0
142,1.06230498416,6.35654535067,27.1485490772,1.65389731159,2.10612263817,2.71485490772,2.55000032617,1.06235354274,0.994592250754,3.14973471286,0.0,0.0,0.0
143,1.06932976792,6.36027409086,27.1334724063,1.65426785172,2.10735808662,2.71334724063,2.5566545698,1.06297179885,0.994702122138,3.14968461275,0.0,0.0,0.0
144,1.07634630399,6.36401720996,27.11834695,1.65463446176,2.10859829926,2.711834695,2.56330449582,1.06359243334,0.994811209894,3.14963315914,0.0,0.0,0.0
145,1.08335457545,6.3677745069,27.1031736121,1.65499713203,2.10984320946,2.71031736121,2.56995009701,1.06421541281,0.994919496827,3.14958036623,0.0,0.0,0.0
146,1.09035456595,6.3715457805,27.087953295,1.65535585309,2.11109275056,2.7087953295,2.57659136645,1.06484070385,0.995026965994,3.14952624842,0.0,0.0,0.0
147,1.09734625972,6.37533082956,27.0726868993,1.65571061574,2.1123468559,2.70726868993,2.58322829757,1.06546827302,0.995133600709,3.14947082028,0.0,0.0,0.0
148,1.10432964153,6.3791294528,27.0573753238,1.65606141105,2.1136054588,2.70573753238,2.58986088407,1.06609808689,0.995239384537,3.14941409657,0.0,0.0,0.0
149,1.11130469677,6.38294144893,27.0420194656,1.65640823035,2.11486849255,2.70420194656,2.59648912001,1.06673011203,0.995344301304,3.14935609222,0.0,0.0,0.0
150,1.11827141134,6.38676661663,27.0266202197,1.65675106519,2.11613589046,2.70266202197,2.60311299974,1.06736431498,0.995448335092,3.14929682233,0.0,0.0,0.0
151,1.12522977173,6.39060475458,27.0111784792,1.65708990741,2.11740758581,2.70111784792,2.60973251791,1.06800066233,0.995551470247,3.14923630219,0.0,0.0,0.0
152,1.13217976496,6.39445566148,26.9956951349,1.65742474905,2.11868351193,2.69956951349,2.6163476695,1.06863912061,0.995653691372,3.14917454721,1.0,617.169468982,1.53973133733
153,1.13912137863,6.39831913607,26.9801710759,1.65775558244,2.11996360211,2.69801710759,2.62295844977,1.06927965642,0.995754983336,3.14911157299,1.0,617.169871961,1.41651527668
154,1.14605460086,6.40219497712,26.9646071886,1.65808240014,2.12124778968,2.69646071886,2.62956485431,1.06992223632,0.995855331274,3.14904739526,1.0,617.170275741,1.35446061916
155,1.15297942035,6.40608298347,26.9490043575,1.65840519494,2.122536008,2.69490043575,2.636166879,1.07056682691,0.995954720582,3.14898202992,1.0,617.170680298,1.30629494449
156,1.1598958263,6.40998295402,26.9333634644,1.65872395989,2.12382819043,2.69333634644,2.64276452001,1.07121339479,0.996053136926,3.148915493,1.0,617.171085606,1.26537425307
157,1.16680380849,6.41389468777,26.9176853891,1.65903868827,2.12512427039,2.69176853891,2.64935777381,1.07186190658,0.996150566239,3.14884780066,1.0,617.171491641,1.22908503218
158,1.1737033572,6.41781798383,26.9019710086,1.6593493736,2.12642418129,2.69019710086,2.65594663719,1.07251232892,0.996246994721,3.14877896919,1.0,617.171898379,1.19607859792
159,1.18059446328,6.42175264142,26.8862211974,1.65965600966,2.12772785663,2.68862211974,2.6625311072,1.07316462847,0.996342408842,3.14870901504,1.0,617.172305795,1.16555139266
160,1.18747711806,6.42569845989,26.8704368274,1.65995859045,2.12903522992,2.68704368274,2.6691111812,1.0738187719,0.996436795344,3.14863795475,1.0,617.172713866,1.13697911356
161,1.19435131343,6.42965523873,26.8546187681,1.66025711019,2.13034623472,2.68546187681,2.67568685683,1.07447472592,0.996530141236,3.148565805,1.0,617.173122567,1.10999738089
162,1.20121704179,6.4336227776,26.8387678859,1.66055156336,2.13166080465,2.68387678859,2.68225813202,1.07513245728,0.996622433801,3.14849258256,1.0,617.173531874,1.08434089034
163,1.20807429607,6.43760087632,26.8228850447,1.66084194467,2.1329788734,2.68228850447,2.68882500499,1.07579193272,0.996713660593,3.14841830434,1.0,617.173941764,1.05980942748
164,1.21492306967,6.44158933491,26.8069711053,1.66112824904,2.13430037469,2.68069711053,2.69538747423,1.07645311905,0.996803809437,3.14834298733,1.0,617.174352213,1.03624753597
165,1.22176335656,6.44558795358,26.7910269259,1.66141047164,2.13562524234,2.67910269259,2.70194553851,1.0771159831,0.996892868433,3.14826664864,1.0,617.174763197,1.01353168159
166,1.22859515117,6.44959653275,26.7750533615,1.66168860787,2.13695341021,2.67750533615,2.70849919688,1.07778049173,0.996980825951,3.14818930546,1.0,617.175174694,0.991561789116
167,1.23541844844,6.45361487306,26.7590512643,1.66196265335,2.13828481226,2.67590512643,2.71504844869,1.07844661184,0.997067670638,3.14811097509,1.0,617.175586678,0.970255459247
168,1.24223324384,6.45764277541,26.7430214834,1.66223260392,2.13961938251,2.67430214833,2.72159329351,1.07911431039,0.997153391409,3.1480316749,1.0,617.175999129,0.949543896322
169,1.24903953328,6.46168004091,26.7269648646,1.66249845564,2.14095705506,2.67269648646,2.72813373123,1.07978355435,0.997237977456,3.14795142236,1.0,617.176412022,0.929368966556
170,1.25583731321,6.46572647096,26.7108822508,1.66276020482,2.14229776411,2.67108822508,2.73466976198,1.08045431076,0.997321418244,3.147870235,1.0,617.176825334,0.909681025514
171,1.26262658054,6.46978186723,26.6947744817,1.66301784797,2.14364144396,2.66947744817,2.74120138617,1.0811265467,0.997403703509,3.14778813043,1.0,617.177239044,0.890437282554
172,1.26940733267,6.47384603167,26.6786423936,1.66327138181,2.14498802898,2.66786423936,2.74772860445,1.08180022929,0.997484823263,3.14770512636,1.0,617.177653127,0.871600548532
173,1.27617956748,6.47791876653,26.6624868196,1.6635208033,2.14633745364,2.66624868195,2.75425141777,1.08247532571,0.997564767788,3.14762124051,1.0,617.178067563,0.85313826248
174,1.28294328332,6.48199987436,26.6463085894,1.66376610961,2.14768965253,2.66463085894,2.7607698273,1.08315180319,0.997643527641,3.14753649072,1.0,617.178482327,0.835021724921
175,1.289698479,6.48608915805,26.6301085294,1.66400729811,2.14904456034,2.66301085294,2.76728383449,1.08382962901,0.997721093649,3.14745089484,1.0,617.178897399,0.817225486648
176,1.29644515384,6.49018642079,26.6138874626,1.6642443664,2.15040211186,2.66138874626,2.77379344102,1.08450877052,0.997797456914,3.14736447081,1.0,617.179312756,0.799726856127
177,1.30318330756,6.49429146614,26.5976462086,1.66447731229,2.151762242,2.65976462086,2.78029864886,1.08518919511,0.997872608805,3.1472772366,1.0,617.179728376,0.782505498563
178,1.3099129404,6.498404098,26.5813855832,1.66470613379,2.15312488579,2.65813855832,2.7867994602,1.08587087023,0.997946540967,3.14718921023,1.0,617.180144237,0.765543106623
179,1.31663405301,6.50252412064,26.5651063989,1.66493082913,2.15448997837,2.65651063989,2.79329587747,1.08655376342,0.998019245311,3.14710040976,1.0,617.180560317,0.748823127784
180,1.32334664652,6.50665133871,26.5488094647,1.66515139675,2.15585745503,2.65488094647,2.79978790336,1.08723784224,0.99809071402,3.14701085329,1.0,617.180976596,0.732330536835
181,1.33005072248,6.51078555721,26.5324955859,1.66536783527,2.15722725115,2.65324955859,2.80627554081,1.08792307435,0.998160939545,3.14692055896,1.0,617.181393052,0.716051644734
182,1.33674628291,6.51492658158,26.516165564,1.66558014353,2.15859930227,2.6516165564,2.81275879297,1.08860942746,0.998229914607,3.14682954493,1.0,617.181809663,0.69997393697
183,1.34343333025,6.51907421764,26.499820197,1.6657883206,2.15997354405,2.6499820197,2.81923766325,1.08929686935,0.998297632192,3.1467378294,1.0,617.182226408,0.684085936043
184,1.35011186739,6.52322827164,26.4834602793,1.6659923657,2.16134991229,2.64834602793,2.82571215528,1.08998536787,0.998364085555,3.14664543057,1.0,617.182643267,0.668377083819
185,1.35678189763,6.52738855023,26.4670866012,1.66619227828,2.16272834293,2.64670866012,2.83218227294,1.09067489096,0.998429268215,3.14655236667,1.0,617.183060218,0.652837640324
186,1.36344342472,6.53155486051,26.4506999496,1.66638805798,2.16410877206,2.64506999496,2.83864802033,1.09136540661,0.998493173957,3.14645865596,1.0,617.183477241,0.637458596344
187,1.37009645281,6.53572701003,26.4343011073,1.66657970464,2.16549113592,2.64343011073,2.84510940177,1.09205688288,0.998555796829,3.14636431669,1.0,617.183894316,0.622231597475
188,1.3767409865,6.53990480679,26.4178908534,1.66676721829,2.16687537088,2.64178908534,2.8515664218,1.09274928793,0.998617131142,3.14626936714,1.0,617.184311421,0.607148877937
189,1.38337703077,6.54408805923,26.4014699633,1.66695059915,2.16826141348,2.64014699633,2.8580190852,1.09344258998,0.998677171469,3.14617382556,1.0,617.184728538,0.592203202617
190,1.39000459103,6.54827657629,26.3850392082,1.66712984765,2.16964920042,2.63850392082,2.86446739697,1.09413675735,0.998735912643,3.14607771024,1.0,617.185145645,0.577387816133
191,1.39662367309,6.55247016738,26.3685993556,1.66730496438,2.17103866853,2.63685993556,2.8709113623,1.0948317584,0.998793349756,3.14598103944,1.0,617.185562723,0.562696397903
192,1.40323428316,6.55666864238,26.352151169,1.66747595013,2.17242975485,2.6352151169,2.87735098662,1.09552756163,0.99884947816,3.14588383143,1.0,617.185979752,0.548123022382
193,1.40983642787,6.56087181169,26.3356954079,1.66764280589,2.17382239653,2.63356954079,2.88378627556,1.09622413556,0.998904293462,3.14578610447,1.0,617.186396712,0.533662123741
194,1.41643011421,6.56507948621,26.319232828,1.66780553283,2.17521653093,2.6319232828,2.89021723497,1.09692144885,0.998957791524,3.14568787679,1.0,617.186813584,0.519308464414
195,1.42301534959,6.56929147735,26.3027641807,1.66796413228,2.17661209556,2.63027641807,2.8966438709,1.09761947022,0.999009968464,3.14558916662,1.0,617.187230349,0.505057106985
196,1.4295921418,6.57350759703,26.2862902137,1.66811860578,2.17800902811,2.62862902137,2.9030661896,1.09831816847,0.999060820652,3.14548999217,1.0,617.187646987,0.490903389009
197,1.43616049899,6.57772765772,26.2698116703,1.66826895504,2.17940726643,2.62698116703,2.90948419754,1.09901751251,0.999110344709,3.14539037163,1.0,617.188063479,0.476842900381
198,1.44272042971,6.58195147241,26.2533292901,1.66841518194,2.18080674858,2.62533292901,2.91589790136,1.09971747132,0.999158537506,3.14529032315,1.0,617.188479807,0.462871462956
199,1.44927194288,6.58617885463,26.2368438085,1.66855728855,2.18220741276,2.62368438085,2.92230730792,1.10041801399,0.999205396162,3.14518986487,1.0,617.188895952,0.448985112139
200,1.4558150478,6.59040961848,26.2203559566,1.66869527712,2.18360919738,2.62203559566,2.92871242427,1.1011191097,0.999250918044,3.14508901489,1.0,617.189311894,0.435180080226
201,1.46234975412,6.59464357861,26.2038664616,1.66882915004,2.18501204102,2.62038664616,2.93511325766,1.1018207277,0.999295100763,3.14498779128,1.0,617.189727616,0.421452781277
202,1.46887607185,6.59888055023,26.1873760465,1.66895890992,2.18641588247,2.61873760465,2.94150981552,1.10252283736,0.999337942175,3.14488621206,1.0,617.1901431,0.407799797368
203,1.47539401138,6.60312034912,26.1708854303,1.66908455951,2.18782066068,2.61708854303,2.94790210546,1.10322540814,0.999379440376,3.14478429522,1.0,617.190558327,0.394217866055
204,1.48190358343,6.60736279165,26.1543953276,1.66920610173,2.18922631482,2.61543953276,2.9542901353,1.10392840959,0.999419593703,3.14468205872,1.0,617.190973279,0.38070386892
205,1.4884047991,6.61160769478,26.1379064491,1.66932353968,2.19063278422,2.61379064491,2.96067391301,1.10463181138,0.999458400733,3.14457952044,1.0,617.191387939,0.367254821097
206,1.49489766979,6.61585487604,26.1214195009,1.66943687661,2.19204000844,2.61214195009,2.96705344677,1.10533558325,0.999495860278,3.14447669825,1.0,617.191802288,0.353867861649
207,1.5013822073,6.62010415358,26.1049351855,1.66954611596,2.19344792722,2.61049351855,2.97342874492,1.10603969506,0.999531971386,3.14437360993,1.0,617.192216309,0.340540244738
208,1.50785842372,6.62435534614,26.0884542007,1.66965126132,2.19485648051,2.60884542007,2.97979981599,1.10674411676,0.999566733338,3.14427027325,1.0,617.192629985,0.32726933148
209,1.5143263315,6.62860827307,26.0719772404,1.66975231642,2.19626560846,2.60719772404,2.98616666868,1.10744881841,0.999600145648,3.14416670588,1.0,617.193043299,0.314052582439
210,1.52078594342,6.63286275436,26.055504994,1.66984928518,2.19767525141,2.6055504994,2.99252931183,1.10815377017,0.999632208057,3.14406292547,1.0,617.193456233,0.300887550683
211,1.52723727258,6.6371186106,26.039038147,1.66994217166,2.19908534992,2.6039038147,2.9988877545,1.10885894232,0.999662920535,3.14395894957,1.0,617.193868771,0.287771875338
212,1.5336803324,6.64137566302,26.0225773804,1.6700309801,2.20049584477,2.60225773804,3.00524200589,1.10956430521,0.999692283279,3.1438547957,1.0,617.194280896,0.274703275639
213,1.54011513663,6.64563373346,26.0061233711,1.67011571487,2.20190667692,2.60061233711,3.01159207535,1.11026982933,0.999720296709,3.14375048129,1.0,617.19469259,0.261679545356
214,1.54654169932,6.64989264443,25.9896767918,1.6701963805,2.20331778756,2.59896767918,3.01793797241,1.11097548526,0.999746961466,3.14364602371,1.0,617.195103838,0.248698547626
215,1.55296003486,6.65415221907,25.9732383107,1.67027298169,2.20472911809,2.59732383107,3.02427970676,1.1116812437,0.999772278413,3.14354144027,1.0,617.195514624,0.235758210117
216,1.55937015792,6.65841228117,25.9568085921,1.67034552326,2.20614061014,2.59568085921,3.03061728825,1.11238707544,0.99979624863,3.14343674818,1.0,617.19592493,0.222856520507
217,1.56577208348,6.66267265517,25.9403882958,1.67041401021,2.20755220553,2.59403882958,3.03695072687,1.1130929514,0.999818873414,3.1433319646,1.0,617.196334742,0.209991522243
218,1.57216582683,6.66693316618,25.9239780773,1.67047844767,2.20896384631,2.59239780773,3.04328003276,1.1137988426,0.999840154275,3.1432271066,1.0,617.196744042,0.197161310558
219,1.57855140356,6.67119363996,25.9075785881,1.67053884092,2.21037547476,2.59075785881,3.04960521623,1.11450472017,0.999860092936,3.14312219117,1.0,617.197152816,0.184364028715
220,1.58492882952,6.67545390295,25.8911904752,1.67059519538,2.21178703337,2.58911904752,3.05592628773,1.11521055535,0.999878691329,3.14301723521,1.0,617.197561048,0.171597864472
221,1.59129812089,6.67971378226,25.8748143814,1.67064751664,2.21319846485,2.58748143814,3.06224325784,1.1159163195,0.999895951596,3.14291225556,1.0,617.197968722,0.158861046733
222,1.59765929411,6.68397310567,25.8584509454,1.6706958104,2.21460971215,2.58584509454,3.06855613731,1.1166219841,0.999911876084,3.14280726895,1.0,617.198375823,0.146151842368
223,1.60401236592,6.68823170165,25.8421008013,1.6707400825,2.21602071843,2.58421008013,3.07486493701,1.11732752072,0.999926467341,3.14270229202,1.0,617.198782336,0.1334685532
224,1.61035735332,6.69248939935,25.8257645793,1.67078033896,2.21743142707,2.58257645793,3.08116966795,1.11803290108,0.999939728122,3.14259734135,1.0,617.199188246,0.120809513131
225,1.6166942736,6.69674602862,25.8094429051,1.67081658589,2.21884178172,2.58094429051,3.0874703413,1.11873809697,0.999951661377,3.14249243339,1.0,617.199593537,0.108173085394
226,1.62302314431,6.70100141998,25.7931364003,1.67084882957,2.2202517262,2.57931364003,3.09376696833,1.11944308034,0.999962270256,3.14238758451,1.0,617.199998196,0.0955576599229
227,1.62934398327,6.70525540468,25.776845682,1.67087707639,2.22166120462,2.5776845682,3.10005956047,1.12014782322,0.999971558104,3.14228281101,1.0,617.200402208,0.0829616508274
228,1.63565680857,6.70950781464,25.7605713633,1.6709013329,2.22307016127,2.57605713633,3.10634812927,1.12085229779,0.999979528459,3.14217812904,1.0,617.200805557,0.0703834939581
229,1.64196163856,6.71375848251,25.744314053,1.67092160575,2.22447854071,2.5744314053,3.1126326864,1.12155647633,0.999986185049,3.1420735547,1.0,617.201208231,0.0578216445602
230,1.64825849183,6.71800724162,25.7280743557,1.67093790175,2.22588628773,2.57280743557,3.11891324367,1.12226033124,0.999991531793,3.14196910395,1.0,617.201610214,0.0452745749901
231,1.65454738725,6.72225392604,25.7118528715,1.67095022784,2.22729334733,2.57118528715,3.125189813,1.12296383504,0.999995572795,3.14186479268,1.0,617.202011492,0.0327407725045
232,1.66082834391,6.72649837053,25.6956501966,1.67095859106,2.22869966477,2.56956501966,3.13146240644,1.12366696037,0.999998312344,3.14176063666,1.0,617.202412053,0.0202187370995
233,1.66710138118,6.73074041057,25.6794669228,1.6709629986,2.23010518555,2.56794669228,3.13773103617,1.12436967998,0.999999754911,3.14165665154,1.0,617.202811882,0.00770697940034
234,1.67336651862,6.73497988237,25.6633036378,1.67096345777,2.23150985538,2.56633036378,3.14399571444,1.12507196676,0.999999905148,3.14155285289,1.0,617.203210965,0.00479598136853
235,1.67962377584,6.73921662269,25.6471609255,1.670959976,2.23291362019,2.56471609255,3.15025645342,1.12577379368,0.999998767885,3.14144925615,1.0,617.203609289,0.0172916190711
236,1.68587317297,6.74345046923,25.6310393651,1.67095256086,2.2343164262,2.56310393651,3.1565132657,1.12647513387,0.999996348127,3.14134587666,1.0,617.204006841,0.0297814036545
237,1.69211473047,6.74768126048,25.6149395312,1.67094122002,2.2357182199,2.56149395312,3.16276616404,1.12717596059,0.999992651052,3.14124272964,1.0,617.204403607,0.0422668027684
238,1.69834846903,6.75190883565,25.5988619941,1.67092596128,2.23711894801,2.55988619941,3.16901516134,1.12787624722,0.99998768201,3.1411398302,1.0,617.204799575,0.054749283572
239,1.70457440955,6.75613303469,25.5828073201,1.67090679256,2.2385185575,2.55828073201,3.17526027058,1.12857596727,0.999981446521,3.14103719332,1.0,617.205194731,0.0672303147355
240,1.71079257315,6.76035369829,25.5667760714,1.67088372189,2.23991699559,2.55667760714,3.18150150485,1.12927509436,0.999973950269,3.1409348339,1.0,617.205589063,0.0797113684419
241,1.7170029812,6.76457066786,25.5507688059,1.67085675743,2.24131420973,2.55507688059,3.18773887737,1.12997360225,0.999965199105,3.14083276667,1.0,617.205982559,0.0921939224012
242,1.72320551347,6.76878368924,25.5347864427,1.67082590818,2.24271011572,2.55347864427,3.19397225888,1.13067144885,0.999955199284,3.14073100862,1.0,617.206375196,0.104679176252
243,1.7294000912,6.77299253695,25.5188297899,1.67079118341,2.24410463883,2.55188297899,3.20020156139,1.13136859685,0.999943957258,3.14062957588,1.0,617.206766956,0.117168420625
244,1.73558690096,6.77719716637,25.5028989687,1.67075259097,2.2454977643,2.55028989687,3.20642696358,1.13206503886,0.999931479154,3.14052848014,1.0,617.207157837,0.129663492104
245,1.74176596526,6.78139742213,25.4869945193,1.67071013962,2.24688944063,2.54869945193,3.21264847923,1.13276074918,0.999917771503,3.14042773566,1.0,617.207547828,0.14216591067
246,1.74793730685,6.7855931496,25.4711169777,1.67066383822,2.2482796166,2.54711169777,3.21886612223,1.13345570222,0.999902840991,3.14032735657,1.0,617.207936916,0.154677212316
247,1.75410094871,6.78978419498,25.4552668757,1.67061369573,2.24966824124,2.54552668757,3.22507990658,1.13414987253,0.999886694451,3.14022735688,1.0,617.208325089,0.167198951298
248,1.76025691405,6.7939704052,25.439444741,1.67055972122,2.25105526385,2.5439444741,3.23128984642,1.13484323477,0.999869338866,3.14012775047,1.0,617.208712336,0.179732702462
249,1.76640522628,6.798151628,25.4236510969,1.67050192387,2.25244063396,2.54236510969,3.23749595599,1.13553576376,0.999850781365,3.14002855109,1.0,617.209098646,0.192280063644
250,1.77254590905,6.8023277119,25.4078864627,1.67044031297,2.2538243014,2.54078864627,3.23877502986,1.13622743444,0.999846882006,3.14000893826,1.0,617.209484006,0.194867795267
251,1.77867898621,6.80649850622,25.3921513537,1.67037489789,2.25520621624,2.53921513537,3.23244570746,1.13691822187,0.999866208407,3.14011186099,1.0,617.209868406,0.18206439574
252,1.78480448184,6.81066386103,25.3764462807,1.67030568812,2.25658632879,2.53764462807,3.22611258253,1.13760810124,0.999884240802,3.14021494772,1.0,617.210251835,0.1692761964
253,1.79092242022,6.81482362721,25.3607717506,1.67023269325,2.25796458966,2.53607717506,3.21977565954,1.1382970479,0.999900976467,3.14031818246,1.0,617.210634281,0.156501531785
254,1.79703282582,6.81897765644,25.3451282664,1.67015592296,2.25934094969,2.53451282664,3.21343494307,1.13898503729,0.999916412879,3.14042154917,1.0,617.211015734,0.143738761938
255,1.80313572332,6.82312580115,25.3295163266,1.67007538703,2.26071536001,2.53295163266,3.20709043777,1.13967204503,0.999930547718,3.14052503181,1.0,617.211396183,0.130986269755
256,1.80923113762,6.8272679146,25.313936426,1.66999109534,2.26208777197,2.5313936426,3.20074214839,1.14035804682,0.999943378867,3.14062861425,1.0,617.211775617,0.118242458453
257,1.81531909378,6.8314038508,25.2983890552,1.66990305786,2.26345813722,2.52983890552,3.19439007978,1.14104301852,0.999954904413,3.14073228037,1.0,617.212154026,0.105505749097
258,1.82139961709,6.83553346458,25.2828747006,1.66981128465,2.26482640765,2.52828747006,3.18803423687,1.14172693613,0.999965122646,3.140836014,1.0,617.212531399,0.0927745781974
259,1.82747273298,6.83965661154,25.267393845,1.66971578589,2.26619253542,2.5267393845,3.18167462469,1.14240977576,0.999974032062,3.14093979893,1.0,617.212907727,0.0800473953862
260,1.83353846711,6.84377314808,25.2519469669,1.66961657182,2.26755647295,2.52519469669,3.17531124833,1.14309151366,0.999981631362,3.14104361893,1.0,617.213282999,0.0673226611249
261,1.83959684531,6.84788293137,25.2365345408,1.66951365278,2.26891817292,2.52365345408,3.16894411302,1.14377212621,0.999987919453,3.14114745776,1.0,617.213657204,0.0545988444656
262,1.84564789358,6.85198581938,25.2211570376,1.6694070392,2.27027758827,2.52211570376,3.16257322402,1.14445158993,0.99999289545,3.14125129913,1.0,617.214030334,0.0418744208434
263,1.85169163809,6.85608167089,25.2058149237,1.66929674161,2.2716346722,2.52058149237,3.15619858673,1.14512988147,0.999996558674,3.14135512675,1.0,617.214402378,0.0291478698886
264,1.85772810521,6.86017034543,25.1905086622,1.66918277061,2.27298937818,2.51905086622,3.14982020661,1.14580697759,0.999998908653,3.14145892431,1.0,617.214773327,0.0164176732627
265,1.86375732146,6.86425170335,25.1752387119,1.66906513689,2.27434165993,2.51752387119,3.14343808921,1.14648285521,0.999999945127,3.14156267546,1.0,617.215143172,0.00368231250198
266,1.86977931354,6.86832560577,25.1600055278,1.66894385124,2.27569147144,2.51600055278,3.13705224018,1.14715749137,0.999999668039,3.14166636388,1.0,617.215511902,0.00905973315907
267,1.87579410829,6.87239191459,25.1448095611,1.66881892451,2.27703876696,2.51448095611,3.13066266525,1.14783086323,0.999998077546,3.14176997319,1.0,617.215879509,0.0218099889141
268,1.88180173273,6.87645049252,25.1296512591,1.66869036766,2.27838350099,2.51296512591,3.12426937024,1.14850294811,0.999995174013,3.14187348705,1.0,617.216245983,0.034569986605
269,1.88780221404,6.88050120305,25.1145310654,1.6685581917,2.2797256283,2.51145310654,3.11787236105,1.14917372342,0.999990958013,3.14197688907,1.0,617.216611315,0.0473412669157
270,1.89379557955,6.88454391043,25.0994494197,1.66842240775,2.28106510392,2.50994494197,3.11147164369,1.14984316674,0.999985430331,3.14208016289,1.0,617.216975497,0.0601253816002
271,1.89978185675,6.88857847972,25.084406758,1.66828302699,2.28240188313,2.5084406758,3.10506722422,1.15051125575,0.999978591961,3.14218329213,1.0,617.217338519,0.0729238957731
272,1.90576107326,6.89260477677,25.0694035124,1.66814006069,2.28373592149,2.50694035124,3.09865910882,1.15117796829,0.999970444111,3.14228626042,1.0,617.217700373,0.085738390235
273,1.91173325685,6.89662266818,25.0544401115,1.6679935202,2.28506717481,2.50544401115,3.09224730375,1.15184328231,0.999960988195,3.14238905138,1.0,617.21806105,0.0985704638565
274,1.91769843547,6.90063202137,25.03951698,1.66784341694,2.28639559914,2.503951698,3.08583181534,1.15250717589,0.999950225842,3.14249164867,1.0,617.218420542,0.111421736042
275,1.92365663716,6.90463270451,25.0246345389,1.6676897624,2.28772115081,2.50246345389,3.07941265003,1.15316962725,0.99993815889,3.14259403591,1.0,617.21877884,0.12429384926
276,1.92960789013,6.90862458657,25.0097932057,1.66753256815,2.28904378641,2.50097932057,3.07298981433,1.15383061474,0.999924789389,3.14269619678,1.0,617.219135936,0.137188471673
277,1.93555222271,6.91260753729,24.9949933942,1.66737184585,2.29036346277,2.49949933942,3.06656331484,1.15449011682,0.999910119601,3.14279811494,1.0,617.219491822,0.150107299866
278,1.94148966338,6.91658142718,24.9802355144,1.66720760721,2.291680137,2.49802355144,3.06013315824,1.15514811211,0.999894151999,3.14289977408,1.0,617.219846489,0.163052061685
279,1.94742024073,6.92054612755,24.9655199729,1.66703986402,2.29299376645,2.49655199729,3.05369935133,1.15580457934,0.999876889267,3.14300115791,1.0,617.220199931,0.176024519207
280,1.95334398349,6.92450151045,24.9508471727,1.66686862814,2.29430430873,2.49508471727,3.04726190095,1.15645949737,0.999858334302,3.14310225015,1.0,617.220552138,0.189026471854
281,1.9592609205,6.92844744874,24.9362175131,1.66669391152,2.29561172172,2.49362175131,3.04082081405,1.15711284519,0.99983849021,3.14320303457,1.0,617.220903103,0.202059759657
282,1.96517108075,6.93238381602,24.92163139,1.66651572614,2.29691596353,2.492163139,3.03437609767,1.15776460192,0.99981736031,3.14330349493,1.0,617.221252819,0.215126266699
283,1.97107449332,6.93631048669,24.9070891957,1.66633408408,2.29821699255,2.49070891957,3.02792775893,1.15841474681,0.999794948133,3.14340361505,1.0,617.221601277,0.228227924749
284,1.97697118742,6.9402273359,24.8925913191,1.66614899749,2.29951476741,2.48925913191,3.02147580503,1.15906325924,0.99977125742,3.14350337877,1.0,617.221948471,0.241366717106
285,1.98286119238,6.94413423956,24.8781381455,1.66596047855,2.30080924701,2.48781381455,3.01502024328,1.15971011871,0.999746292123,3.14360276996,1.0,617.222294393,0.254544682684
286,1.98874453762,6.94803107438,24.863730057,1.66576853955,2.30210039047,2.4863730057,3.00856108104,1.16035530486,0.999720056404,3.14370177253,1.0,617.222639036,0.267763920343
287,1.99462125269,6.95191771779,24.8493674319,1.66557319282,2.30338815721,2.48493674319,3.00209832578,1.16099879744,0.999692554637,3.14380037044,1.0,617.222982393,0.281026593519
288,2.00049136725,6.95579404802,24.8350506454,1.66537445077,2.30467250687,2.48350506454,2.99563198506,1.16164057633,0.999663791406,3.14389854768,1.0,617.223324455,0.294334935157
289,2.00635491103,6.95965994404,24.8207800693,1.66517232585,2.30595339934,2.48207800693,2.98916206652,1.16228062156,0.999633771504,3.14399628828,1.0,617.223665218,0.307691253001
290,2.01221191391,6.96351528559,24.8065560718,1.6649668306,2.30723079479,2.48065560718,2.98268857788,1.16291891325,0.999602499934,3.14409357634,1.0,617.224004673,0.321097935256
291,2.01806240583,6.96735995316,24.792379018,1.66475797759,2.30850465361,2.4792379018,2.97621152695,1.16355543168,0.999569981908,3.14419039598,1.0,617.224342814,0.334557456681
292,2.02390641684,6.971193828,24.7782492697,1.66454577949,2.30977493647,2.47782492697,2.96973092164,1.16419015723,0.999536222847,3.14428673139,1.0,617.224679634,0.348072385152
293,2.02974397709,6.9750167921,24.7641671853,1.66433024901,2.31104160425,2.47641671853,2.96324676992,1.16482307042,0.999501228379,3.14438256682,1.0,617.225015127,0.361645388739
294,2.03557511682,6.97882872823,24.7501331199,1.6641113989,2.31230461813,2.47501331199,2.95675907988,1.1654541519,0.999465004343,3.14447788657,1.0,617.225349286,0.375279243358
295,2.04139986636,6.98262951988,24.7361474254,1.66388924201,2.31356393948,2.47361474254,2.95026785967,1.16608338242,0.999427556782,3.14457267499,1.0,617.225682104,0.388976841068
296,2.04721825612,6.98641905131,24.7222104507,1.66366379122,2.31481952998,2.47222104507,2.94377311754,1.16671074288,0.999388891946,3.1446669165,1.0,617.226013576,0.402741199074
297,2.0530303166,6.99019720751,24.708322541,1.66343505947,2.3160713515,2.4708322541,2.93727486182,1.16733621429,0.999349016294,3.1447605956,1.0,617.226343695,0.416575469523
298,2.05883607839,6.99396387423,24.6944840389,1.66320305978,2.3173193662,2.46944840389,2.93077310094,1.16795977778,0.999307936486,3.14485369684,1.0,617.226672455,0.430482950185
299,2.06463557215,6.99771893794,24.6806952835,1.66296780518,2.31856353646,2.46806952835,2.9242678434,1.16858141463,0.999265659392,3.14494620485,1.0,617.226999849,0.444467096114
300,2.07042882862,7.00146228587,24.6669566107,1.66272930881,2.31980382491,2.46669566107,2.91775909781,1.16920110621,0.999222192081,3.14503810433,1.0,617.227325873,0.458531532433
301,2.07621587863,7.00519380597,24.6532683536,1.66248758382,2.32104019443,2.46532683536,2.91124687284,1.16981883403,0.999177541829,3.14512938004,1.0,617.227650519,0.472680068339
302,2.08199675306,7.00891338695,24.6396308421,1.66224264344,2.32227260815,2.46396308421,2.90473117727,1.17043457972,0.999131716113,3.14522001686,1.0,617.227973782,0.486916712525
303,2.08777148288,7.01262091822,24.6260444028,1.66199450095,2.32350102942,2.46260444028,2.89821201996,1.17104832503,0.999084722612,3.1453099997,1.0,617.228295657,0.501245690166
304,2.09354009914,7.01631628995,24.6125093595,1.66174316967,2.32472542186,2.46125093595,2.89168940986,1.17166005183,0.999036569207,3.14539931359,1.0,617.228616137,0.515671461693
305,2.09930263293,7.01999939302,24.5990260331,1.66148866298,2.3259457493,2.45990260331,2.88516335601,1.17226974212,0.998987263977,3.14548794363,1.0,617.228935218,0.530198743591
306,2.10505911542,7.02367011905,24.5855947411,1.66123099432,2.32716197585,2.45855947411,2.87863386753,1.172877378,0.998936815203,3.14557587502,1.0,617.229252893,0.544832531478
307,2.11080957786,7.02732836038,24.5722157985,1.66097017717,2.32837406581,2.45722157985,2.87210095364,1.17348294172,0.998885231361,3.14566309304,1.0,617.229569157,0.559578125827
308,2.11655405153,7.03097401006,24.5588895169,1.66070622506,2.32958198378,2.45588895169,2.86556462364,1.17408641562,0.998832521126,3.14574958307,1.0,617.229884005,0.574441160663
309,2.12229256779,7.03460696188,24.5456162053,1.66043915157,2.33078569454,2.45456162053,2.85902488693,1.17468778219,0.99877869337,3.14583533057,1.0,617.230197432,0.589427635704
310,2.12802515806,7.03822711033,24.5323961697,1.66016897035,2.33198516314,2.45323961697,2.85248175298,1.17528702401,0.998723757158,3.14592032114,1.0,617.230509432,0.60454395246
311,2.13375185381,7.04183435062,24.5192297132,1.65989569506,2.33318035487,2.45192297132,2.84593523138,1.1758841238,0.998667721751,3.14600454044,1.0,617.230820001,0.619796954897
312,2.13947268657,7.04542857869,24.5061171359,1.65961933945,2.33437123524,2.45061171359,2.83938533177,1.17647906439,0.998610596603,3.14608797424,1.0,617.231129132,0.635193975411
313,2.14518768791,7.04900969116,24.4930587354,1.65933991728,2.33555777001,2.44930587354,2.83283206392,1.17707182872,0.998552391357,3.14617060845,1.0,617.231436822,0.650742886973
314,2.15089688946,7.05257758538,24.4800548061,1.65905744237,2.33673992515,2.44800548061,2.82627543767,1.17766239986,0.99849311585,3.14625242904,1.0,617.231743066,0.666452162493
315,2.1566003229,7.0561321594,24.4671056398,1.65877192861,2.33791766689,2.44671056398,2.81971546294,1.178250761,0.998432780106,3.14633342214,1.0,617.232047858,0.682330942674
316,2.16229801995,7.05967331196,24.4542115257,1.6584833899,2.33909096169,2.44542115257,2.81315214976,1.17883689543,0.998371394339,3.14641357396,1.0,617.232351193,0.698389113887
317,2.16799001239,7.06320094254,24.4413727498,1.65819184021,2.34025977622,2.44413727498,2.80658550825,1.17942078657,0.998308968947,3.14649287084,1.0,617.232653068,0.714637397924
318,2.17367633203,7.06671495127,24.4285895958,1.65789729354,2.34142407741,2.44285895958,2.8000155486,1.18000241796,0.998245514516,3.14657129924,1.0,617.232953477,0.73108745594
319,2.17935701072,7.07021523901,24.4158623444,1.65759976394,2.34258383241,2.44158623444,2.79344228112,1.18058177323,0.998181041816,3.14664884574,1.0,617.233252417,0.74775200942
320,2.18503208036,7.07370170729,24.4031912738,1.65729926551,2.34373900858,2.44031912738,2.78686571619,1.18115883616,0.998115561797,3.14672549705,1.0,617.233549882,0.764644981695
321,2.19070157288,7.07717425836,24.3905766595,1.65699581239,2.34488957355,2.43905766595,2.78028586428,1.18173359062,0.998049085592,3.14680123999,1.0,617.233845868,0.781781664446
322,2.19636552026,7.08063279513,24.3780187741,1.65668941875,2.34603549515,2.43780187741,2.77370273598,1.18230602061,0.997981624514,3.14687606153,1.0,617.23414037,0.799178914809
323,2.20202395449,7.08407722121,24.365517888,1.65638009881,2.34717674143,2.4365517888,2.76711634194,1.18287611022,0.997913190054,3.14694994876,1.0,617.234433386,0.816855390224
324,2.20767690763,7.0875074409,24.3530742687,1.65606786685,2.34831328068,2.43530742687,2.76052669292,1.18344384369,0.997843793878,3.14702288891,1.0,617.234724909,0.834831830261
325,2.21332441175,7.09092335917,24.3406881812,1.65575273717,2.34944508143,2.43406881812,2.75393379975,1.18400920533,0.997773447829,3.14709486935,1.0,617.235014937,0.853131397415
326,2.21896649893,7.09432488168,24.3283598879,1.65543472411,2.35057211241,2.43283598879,2.7473376734,1.18457217961,0.997702163923,3.14716587758,1.0,617.235303465,0.871780092673
327,2.22460320133,7.09771191476,24.3160896487,1.65511384207,2.35169434259,2.43160896487,2.74073832488,1.18513275107,0.997629954346,3.14723590124,1.0,617.235590489,0.890807266911
328,2.23023455109,7.10108436541,24.3038777209,1.65479010547,2.35281174116,2.43038777209,2.73413576532,1.18569090438,0.997556831456,3.14730492813,1.0,617.235876004,0.910246256538
329,2.23586058041,7.10444214131,24.2917243596,1.65446352878,2.35392427752,2.42917243596,2.72753000595,1.18624662433,0.997482807777,3.14737294618,1.0,617.236160009,0.930135182365
330,2.24148132148,7.10778515082,24.2796298169,1.65413412652,2.3550319213,2.42796298169,2.72092105806,1.18679989581,0.997407896003,3.14743994349,1.0,617.236442497,0.950517965957
331,2.24709680655,7.11111330293,24.2675943429,1.65380191321,2.35613464238,2.42675943429,2.71430893308,1.18735070383,0.997332108989,3.14750590829,1.0,617.236723466,0.971445640419
332,2.25270706787,7.11442650735,24.2556181849,1.65346690346,2.35723241081,2.42556181849,2.7076936425,1.18789903348,0.997255459755,3.14757082896,1.0,617.237002912,0.992978066944
333,2.25831213772,7.1177246744,24.2437015882,1.65312911188,2.35832519689,2.42437015882,2.70107519792,1.18844487001,0.99717796148,3.14763469407,1.0,617.237280831,1.01518622186
334,2.26391204838,7.12100771509,24.2318447952,1.65278855314,2.35941297113,2.42318447952,2.69445361102,1.18898819873,0.997099627506,3.14769749232,1.0,617.23755722,1.03815530426
335,2.26950683218,7.12427554107,24.2200480463,1.65244524192,2.36049570426,2.42200480463,2.68782889359,1.1895290051,0.997020471326,3.14775921257,1.0,617.237832074,1.06198905503
336,2.27509652143,7.12752806468,24.2083115794,1.65209919298,2.36157336724,2.42083115794,2.68120105751,1.19006727466,0.996940506594,3.14781984387,1.0,617.238105391,1.08681591922
337,2.28068114849,7.13076519886,24.19663563,1.65175042108,2.36264593122,2.419663563,2.67457011474,1.19060299306,0.996859747114,3.1478793754,1.0,617.238377168,1.11279811389
338,2.2862607457,7.13398685725,24.1850204313,1.65139894102,2.36371336758,2.41850204313,2.66793607737,1.19113614609,0.996778206841,3.14793779653,1.0,617.2386474,1.1401454731
339,2.29183534545,7.13719295411,24.1734662143,1.65104476766,2.36477564792,2.41734662143,2.66129895754,1.1916667196,0.996695899879,3.14799509679,1.0,617.238916084,1.16913755687
340,2.2974049801,7.14038340435,24.1619732076,1.65068791588,2.36583274405,2.41619732076,2.65465876753,1.19219469959,0.996612840481,3.14805126591,1.0,617.239183218,1.20016098788
341,2.30296968205,7.14355812353,24.1505416376,1.65032840058,2.36688462798,2.41505416376,2.64801551969,1.19272007213,0.996529043041,3.14810629375,1.0,617.239448797,1.23377719515
342,2.30852948371,7.14671702785,24.1391717283,1.64996623672,2.36793127195,2.41391717283,2.64136922646,1.19324282343,0.996444522099,3.14816017038,1.0,617.239712819,1.27085770105
343,2.31408441747,7.14986003414,24.1278637017,1.64960143929,2.36897264841,2.41278637017,2.63471990039,1.19376293978,0.996359292333,3.14821288604,1.0,617.239975281,1.31289361285
344,2.31963451575,7.15298705987,24.1166177773,1.6492340233,2.37000873001,2.41166177773,2.62806755414,1.19428040758,0.99627336856,3.14826443114,1.0,617.240236179,1.36287037124
345,2.32517981098,7.15609802316,24.1054341727,1.6488640038,2.37103948962,2.41054341727,2.62141220042,1.19479521335,0.996186765733,3.1483147963,1.0,617.240495511,1.42894856621
346,2.33072033557,7.15919284275,24.0943131031,1.64849139589,2.37206490031,2.40943131031,2.6147538521,1.1953073437,0.996099498936,3.1483639723,0.0,0.0,0.0
347,2.33625612196,7.16227143799,24.0832547816,1.64811621468,2.37308493537,2.40832547816,2.60809252208,1.19581678535,0.996011583388,3.14841195012,0.0,0.0,0.0
348,2.34178720257,7.16533372889,24.0722594193,1.64773847533,2.3740995683,2.40722594193,2.60142822342,1.19632352512,0.995923034433,3.14845872092,0.0,0.0,0.0
349,2.34731360983,7.16837963608,24.0613272249,1.64735819302,2.37510877278,2.40613272249,2.59476096922,1.19682754994,0.995833867544,3.14850427607,0.0,0.0,0.0
350,2.35283537618,7.17140908079,24.0504584051,1.64697538297,2.37611252273,2.40504584051,2.58809077272,1.19732884684,0.995744098315,3.14854860711,0.0,0.0,0.0
351,2.35835253405,7.17442198488,24.0396531647,1.64659006043,2.37711079225,2.40396531647,2.58141764724,1.19782740294,0.995653742465,3.1485917058,0.0,0.0,0.0
352,2.36386511586,7.17741827086,24.0289117062,1.64620224068,2.37810355567,2.40289117062,2.57474160619,1.1983232055,0.995562815828,3.14863356409,0.0,0.0,0.0
353,2.36937315404,7.1803978618,24.01823423,1.64581193904,2.37909078751,2.401823423,2.56806266309,1.19881624183,0.995471334357,3.14867417411,0.0,0.0,0.0
354,2.37487668101,7.18336068144,24.0076209346,1.64541917086,2.38007246248,2.40076209346,2.56138083156,1.19930649939,0.995379314117,3.14871352822,0.0,0.0,0.0
355,2.3803757292,7.18630665409,23.9970720165,1.6450239515,2.38104855552,2.39970720165,2.5546961253,1.1997939657,0.995286771286,3.14875161897,0.0,0.0,0.0
356,2.38587033101,7.18923570469,23.9865876701,1.64462629638,2.38201904176,2.39865876701,2.54800855812,1.20027862842,0.995193722147,3.14878843913,0.0,0.0,0.0
357,2.39136051884,7.19214775878,23.9761680877,1.64422622093,2.38298389652,2.39761680877,2.54131814394,1.20076047527,0.995100183094,3.14882398164,0.0,0.0,0.0
358,2.39684632511,7.19504274252,23.9658134599,1.64382374062,2.38394309533,2.39658134599,2.53462489675,1.20123949411,0.995006170619,3.1488582397,0.0,0.0,0.0
359,2.40232778219,7.19792058266,23.9555239751,1.64341887095,2.38489661394,2.39555239751,2.52792883065,1.20171567287,0.994911701317,3.14889120667,0.0,0.0,0.0
360,2.40780492248,7.20078120655,23.9452998198,1.64301162745,2.38584442826,2.39452998198,2.52122995986,1.2021889996,0.994816791881,3.14892287618,0.0,0.0,0.0
361,2.41327777833,7.20362454214,23.9351411786,1.64260202567,2.38678651443,2.39351411786,2.51452829867,1.20265946243,0.994721459097,3.14895324202,0.0,0.0,0.0
362,2.41874638213,7.20645051799,23.9250482342,1.6421900812,2.38772284877,2.39250482342,2.50782386147,1.2031270496,0.994625719845,3.14898229823,0.0,0.0,0.0
363,2.42421076621,7.20925906325,23.9150211674,1.64177580965,2.38865340781,2.39150211674,2.50111666276,1.20359174945,0.994529591093,3.14901003905,0.0,0.0,0.0
364,2.42967096291,7.21205010765,23.905060157,1.64135922668,2.38957816826,2.3905060157,2.49440671713,1.20405355042,0.994433089896,3.14903645896,0.0,0.0,0.0
365,2.43512700457,7.21482358152,23.8951653801,1.64094034795,2.39049710705,2.38951653801,2.48769403928,1.20451244104,0.994336233392,3.14906155264,0.0,0.0,0.0
366,2.44057892349,7.21757941579,23.8853370118,1.64051918916,2.39141020129,2.38853370118,2.480978644,1.20496840994,0.994239038799,3.14908531501,0.0,0.0,0.0
367,2.44602675197,7.22031754197,23.8755752254,1.64009576605,2.39231742828,2.38755752254,2.47426054617,1.20542144584,0.994141523415,3.14910774119,0.0,0.0,0.0
368,2.4514705223,7.22303789214,23.8658801924,1.63967009436,2.39321876553,2.38658801924,2.46753976079,1.20587153757,0.994043704611,3.14912882656,0.0,0.0,0.0
369,2.45691026675,7.22574039898,23.8562520825,1.63924218989,2.39411419072,2.38562520825,2.46081630293,1.20631867405,0.993945599829,3.1491485667,0.0,0.0,0.0
370,2.46234601756,7.22842499576,23.8466910635,1.63881206845,2.39500368174,2.38466910635,2.45409018778,1.20676284431,0.99384722658,3.14916695744,0.0,0.0,0.0
371,2.46777780699,7.23109161631,23.8371973015,1.63837974587,2.39588721668,2.38371973015,2.44736143062,1.20720403744,0.993748602443,3.14918399481,0.0,0.0,0.0
372,2.47320566724,7.23374019504,23.8277709607,1.63794523802,2.3967647738,2.38277709607,2.44063004684,1.20764224266,0.993649745055,3.14919967511,0.0,0.0,0.0
373,2.47862963051,7.23637066696,23.8184122038,1.6375085608,2.39763633156,2.38184122038,2.4338960519,1.20807744928,0.993550672118,3.14921399484,0.0,0.0,0.0
374,2.484049729,7.23898296763,23.8091211915,1.63706973013,2.39850186862,2.38091211915,2.42715946139,1.20850964669,0.993451401385,3.14922695075,0.0,0.0,0.0
375,2.48946599487,7.24157703318,23.7998980828,1.63662876195,2.39936136381,2.37998980828,2.42042029097,1.20893882438,0.993351950667,3.14923853983,0.0,0.0,0.0
376,2.49487846025,7.24415280033,23.790743035,1.63618567223,2.40021479617,2.3790743035,2.41367855643,1.20936497194,0.993252337822,3.14924875929,0.0,0.0,0.0
377,2.50028715728,7.24671020635,23.7816562039,1.63574047697,2.40106214491,2.37816562039,2.40693427363,1.20978807906,0.993152580755,3.1492576066,0.0,0.0,0.0
378,2.50569211806,7.2492491891,23.7726377433,1.6352931922,2.40190338945,2.37726377433,2.40018745854,1.21020813551,0.993052697418,3.14926507945,0.0,0.0,0.0
379,2.51109337467,7.25176968699,23.7636878054,1.63484383396,2.40273850936,2.37636878054,2.39343812722,1.21062513115,0.992952705798,3.14927117577,0.0,0.0,0.0
380,2.51649095919,7.25427163898,23.7548065407,1.63439241834,2.40356748445,2.37548065407,2.38668629583,1.21103905595,0.992852623925,3.14927589375,0.0,0.0,0.0
381,2.52188490364,7.25675498462,23.7459940983,1.63393896142,2.40439029467,2.37459940983,2.37993198063,1.21144989996,0.992752469859,3.1492792318,0.0,0.0,0.0
382,2.52727524005,7.25921966402,23.7372506253,1.63348347935,2.40520692017,2.37372506253,2.37317519799,1.21185765333,0.992652261694,3.14928118859,0.0,0.0,0.0
383,2.53266200041,7.26166561782,23.7285762674,1.63302598825,2.4060173413,2.37285762674,2.36641596435,1.2122623063,0.992552017548,3.14928176303,0.0,0.0,0.0
384,2.5380452167,7.26409278723,23.7199711685,1.63256650432,2.40682153858,2.37199711685,2.35965429627,1.21266384921,0.992451755566,3.14928095426,0.0,0.0,0.0
385,2.54342492087,7.26650111405,23.7114354711,1.63210504375,2.4076194927,2.37114354711,2.35289021039,1.21306227246,0.992351493913,3.14927876168,0.0,0.0,0.0
386,2.54880114484,7.26889054057,23.7029693158,1.63164162276,2.40841118458,2.37029693158,2.34612372345,1.21345756658,0.992251250771,3.14927518495,0.0,0.0,0.0
387,2.55417392051,7.27126100969,23.6945728419,1.6311762576,2.40919659527,2.36945728419,2.3393548523,1.21384972217,0.992151044338,3.14927022395,0.0,0.0,0.0
388,2.55954327977,7.27361246484,23.6862461869,1.63070896455,2.40997570603,2.36862461869,2.33258361386,1.21423872993,0.992050892819,3.14926387881,0.0,0.0,0.0
389,2.56490925447,7.27594484998,23.677989487,1.63023975988,2.41074849831,2.3677989487,2.32581002518,1.21462458065,0.991950814432,3.14925614993,0.0,0.0,0.0
390,2.57027187643,7.27825810966,23.6698028765,1.62976865994,2.41151495371,2.36698028765,2.31903410338,1.21500726521,0.991850827395,3.14924703795,0.0,0.0,0.0
391,2.57563117745,7.28055218893,23.6616864885,1.62929568104,2.41227505405,2.36616864885,2.31225586568,1.21538677456,0.991750949927,3.14923654375,0.0,0.0,0.0
392,2.58098718932,7.28282703342,23.6536404542,1.62882083957,2.41302878131,2.36536404542,2.30547532939,1.21576309978,0.991651200246,3.14922466846,0.0,0.0,0.0
393,2.58633994379,7.28508258929,23.6456649036,1.62834415191,2.41377611764,2.36456649036,2.29869251194,1.216136232,0.991551596563,3.14921141348,0.0,0.0,0.0
394,2.59168947257,7.28731880325,23.6377599649,1.62786563446,2.41451704538,2.36377599649,2.29190743082,1.21650616247,0.991452157079,3.14919678044,0.0,0.0,0.0
395,2.59703580737,7.28953562254,23.6299257651,1.62738530367,2.41525154707,2.36299257651,2.28512010363,1.21687288251,0.991352899982,3.14918077124,0.0,0.0,0.0
396,2.60237897987,7.29173299494,23.6221624294,1.62690317598,2.41597960539,2.36221624294,2.27833054808,1.21723638354,0.991253843446,3.14916338801,0.0,0.0,0.0
397,2.60771902169,7.29391086879,23.6144700817,1.62641926788,2.41670120324,2.36144700817,2.27153878194,1.21759665706,0.99115500562,3.14914463315,0.0,0.0,0.0
398,2.61305596448,7.29606919293,23.6068488444,1.62593359586,2.41741632365,2.36068488444,2.2647448231,1.21795369466,0.991056404635,3.1491245093,0.0,0.0,0.0
399,2.61838983981,7.29820791677,23.5992988383,1.62544617645,2.41812494987,2.35992988383,2.25794868953,1.21830748802,0.990958058591,3.14910301936,0.0,0.0,0.0
400,2.62372067925,7.30032699024,23.591820183,1.62495702618,2.4188270653,2.3591820183,2.2511503993,1.21865802892,0.990859985561,3.14908016648,0.0,0.0,0.0
401,2.62904851433,7.3024263638,23.5844129964,1.62446616163,2.41952265354,2.35844129964,2.24434997057,1.21900530921,0.990762203581,3.14905595407,0.0,0.0,0.0
402,2.63437337657,7.30450598845,23.577077395,1.62397359938,2.42021169834,2.3577077395,2.23754742157,1.21934932083,0.990664730651,3.14903038577,0.0,0.0,0.0
403,2.63969529744,7.30656581571,23.569813494,1.62347935604,2.42089418365,2.35698134939,2.23074277066,1.21969005582,0.990567584732,3.1490034655,0.0,0.0,0.0
404,2.64501430841,7.30860579764,23.562621407,1.62298344823,2.42157009358,2.3562621407,2.22393603627,1.22002750629,0.990470783738,3.14897519741,0.0,0.0,0.0
405,2.65033044089,7.31062588683,23.5555012463,1.6224858926,2.42223941242,2.35555012463,2.21712723692,1.22036166446,0.990374345536,3.14894558592,0.0,0.0,0.0
406,2.65564372628,7.31262603638,23.5484531229,1.62198670583,2.42290212463,2.35484531229,2.21031639121,1.22069252261,0.990278287943,3.14891463568,0.0,0.0,0.0
407,2.66095419595,7.31460619993,23.5414771461,1.6214859046,2.42355821486,2.35414771461,2.20350351785,1.22102007314,0.990182628719,3.14888235162,0.0,0.0,0.0
408,2.66626188124,7.31656633166,23.534573424,1.62098350562,2.42420766791,2.3534573424,2.19668863563,1.22134430849,0.990087385567,3.14884873889,0.0,0.0,0.0
409,2.67156681347,7.31850638623,23.5277420634,1.62047952563,2.42485046877,2.35277420634,2.18987176343,1.22166522123,0.989992576128,3.14881380292,0.0,0.0,0.0
410,2.67686902391,7.32042631887,23.5209831696,1.61997398138,2.42548660261,2.35209831696,2.18305292021,1.22198280399,0.989898217977,3.14877754937,0.0,0.0,0.0
411,2.68216854384,7.3223260853,23.5142968464,1.61946688962,2.42611605475,2.35142968464,2.17623212504,1.22229704951,0.989804328623,3.14873998416,0.0,0.0,0.0
412,2.68746540446,7.32420564178,23.5076831966,1.61895826717,2.4267388107,2.35076831966,2.16940939704,1.22260795058,0.989710925498,3.14870111345,0.0,0.0,0.0
413,2.69275963699,7.32606494508,23.5011423213,1.61844813081,2.42735485614,2.35011423213,2.16258475544,1.22291550011,0.989618025963,3.14866094366,0.0,0.0,0.0
414,2.69805127259,7.32790395248,23.4946743204,1.61793649739,2.42796417691,2.34946743204,2.15575821957,1.22321969108,0.989525647296,3.14861948144,0.0,0.0,0.0
415,2.70334034241,7.3297226218,23.4882792925,1.61742338374,2.42856675904,2.34882792925,2.14892980881,1.22352051655,0.989433806695,3.14857673372,0.0,0.0,0.0
416,2.70862687757,7.33152091136,23.4819573349,1.61690880674,2.42916258871,2.34819573349,2.14209954266,1.22381796968,0.989342521271,3.14853270763,0.0,0.0,0.0
417,2.71391090914,7.33329878001,23.4757085434,1.61639278327,2.4297516523,2.34757085434,2.13526744067,1.22411204371,0.989251808043,3.1484874106,0.0,0.0,0.0
418,2.71919246818,7.33505618708,23.4695330125,1.61587533023,2.43033393632,2.34695330125,2.1284335225,1.22440273195,0.989161683941,3.14844085025,0.0,0.0,0.0
419,2.72447158574,7.33679309246,23.4634308357,1.61535646454,2.4309094275,2.34634308357,2.12159780789,1.22469002781,0.989072165795,3.14839303449,0.0,0.0,0.0
420,2.7297482928,7.33850945653,23.4574021049,1.61483620315,2.43147811269,2.34574021049,2.11476031665,1.22497392479,0.988983270338,3.14834397144,0.0,0.0,0.0
421,2.73502262035,7.34020524018,23.4514469106,1.61431456301,2.43203997894,2.34514469106,2.10792106867,1.22525441645,0.988895014197,3.14829366948,0.0,0.0,0.0
422,2.74029459933,7.34188040481,23.4455653425,1.61379156109,2.43259501347,2.34455653425,2.10108008394,1.22553149646,0.988807413894,3.14824213722,0.0,0.0,0.0
423,2.74556426065,7.34353491235,23.4397574884,1.61326721439,2.43314320365,2.34397574884,2.09423738252,1.22580515857,0.988720485839,3.14818938352,0.0,0.0,0.0
424,2.75083163522,7.34516872521,23.4340234353,1.61274153992,2.43368453704,2.34340234353,2.08739298454,1.22607539659,0.988634246332,3.14813541746,0.0,0.0,0.0
425,2.75609675388,7.34678180634,23.4283632687,1.6122145547,2.43421900136,2.34283632687,2.08054691023,1.22634220444,0.988548711552,3.14808024839,0.0,0.0,0.0
426,2.76135964749,7.34837411917,23.4227770729,1.61168627579,2.43474658449,2.34227770729,2.07369917987,1.22660557611,0.98846389756,3.14802388585,0.0,0.0,0.0
427,2.76662034684,7.34994562765,23.417264931,1.61115672023,2.43526727449,2.3417264931,2.06684981386,1.22686550568,0.988379820292,3.14796633965,0.0,0.0,0.0
428,2.77187888272,7.35149629624,23.4118269246,1.61062590512,2.43578105958,2.34118269246,2.05999883262,1.22712198731,0.98829649556,3.14790761982,0.0,0.0,0.0
429,2.77713528589,7.35302608991,23.4064631344,1.61009384753,2.43628792815,2.34064631344,2.0531462567,1.22737501526,0.988213939043,3.14784773662,0.0,0.0,0.0
430,2.78238958707,7.35453497411,23.4011736395,1.60956056459,2.43678786876,2.34011736395,2.0462921067,1.22762458383,0.988132166288,3.14778670054,0.0,0.0,0.0
431,2.78764181695,7.35602291482,23.3959585182,1.60902607341,2.43728087014,2.33959585182,2.03943640329,1.22787068745,0.988051192704,3.14772452231,0.0,0.0,0.0
432,2.79289200623,7.35748987852,23.390817847,1.60849039115,2.43776692117,2.3390817847,2.03257916722,1.22811332061,0.987971033561,3.14766121285,0.0,0.0,0.0
433,2.79814018554,7.35893583217,23.3857517017,1.60795353496,2.43824601092,2.33857517017,2.02572041933,1.22835247788,0.987891703987,3.14759678335,0.0,0.0,0.0
434,2.80338638551,7.36036074327,23.3807601566,1.607415522,2.43871812861,2.33807601566,2.0188601805,1.22858815392,0.987813218961,3.1475312452,0.0,0.0,0.0
435,2.80863063673,7.36176457979,23.3758432849,1.60687636948,2.43918326364,2.33758432849,2.0119984717,1.22882034348,0.987735593314,3.14746461,0.0,0.0,0.0
436,2.81387296978,7.36314731021,23.3710011584,1.60633609459,2.43964140555,2.33710011584,2.00513531398,1.22904904138,0.987658841725,3.14739688959,0.0,0.0,0.0
437,2.8191134152,7.36450890352,23.3662338479,1.60579471455,2.44009254407,2.33662338479,1.99827072844,1.22927424251,0.987582978717,3.14732809601,0.0,0.0,0.0
438,2.82435200351,7.3658493292,23.361541423,1.60525224659,2.4405366691,2.3361541423,1.99140473626,1.22949594188,0.987508018654,3.14725824153,0.0,0.0,0.0
439,2.82958876521,7.36716855723,23.3569239518,1.60470870797,2.44097377068,2.33569239518,1.98453735869,1.22971413455,0.987433975737,3.14718733861,0.0,0.0,0.0
440,2.83482373077,7.36846655808,23.3523815017,1.60416411594,2.44140383903,2.33523815017,1.97766861705,1.22992881567,0.987360864003,3.14711539995,0.0,0.0,0.0
441,2.84005693063,7.36974330275,23.3479141384,1.60361848778,2.44182686454,2.33479141384,1.9707985327,1.23013998048,0.987288697323,3.14704243844,0.0,0.0,0.0
442,2.84528839521,7.3709987627,23.3435219268,1.60307184077,2.44224283775,2.33435219268,1.9639271271,1.23034762429,0.987217489393,3.14696846717,0.0,0.0,0.0
443,2.85051815493,7.3722329099,23.3392049304,1.60252419223,2.44265174939,2.33392049304,1.95705442176,1.2305517425,0.98714725374,3.14689349945,0.0,0.0,0.0
444,2.85574624014,7.37344571683,23.3349632116,1.60197555946,2.44305359032,2.33349632116,1.95018043825,1.23075233059,0.98707800371,3.14681754878,0.0,0.0,0.0
445,2.8609726812,7.37463715644,23.3307968316,1.60142595981,2.4434483516,2.33307968316,1.94330519822,1.23094938411,0.987009752472,3.14674062886,0.0,0.0,0.0
446,2.86619750844,7.3758072022,23.3267058506,1.6008754106,2.44383602442,2.33267058506,1.93642872335,1.23114289872,0.986942513012,3.14666275359,0.0,0.0,0.0
447,2.87142075217,7.37695582807,23.3226903273,1.60032392919,2.44421660015,2.33226903273,1.92955103541,1.23133287013,0.98687629813,3.14658393706,0.0,0.0,0.0
448,2.87664244267,7.37808300848,23.3187503195,1.59977153296,2.44459007034,2.33187503195,1.92267215622,1.23151929415,0.98681112044,3.14650419356,0.0,0.0,0.0
449,2.8818626102,7.37918871838,23.3148858837,1.59921823929,2.44495642667,2.33148858837,1.91579210766,1.23170216666,0.986746992363,3.14642353755,0.0,0.0,0.0
450,2.887081285,7.38027293322,23.3110970754,1.59866406556,2.44531566102,2.33110970754,1.90891091167,1.23188148363,0.986683926127,3.1463419837,0.0,0.0,0.0
451,2.89229849728,7.38133562891,23.3073839489,1.59810902917,2.4456677654,2.33073839489,1.90202859024,1.23205724111,0.986621933766,3.14625954684,0.0,0.0,0.0
452,2.89751427725,7.38237678189,23.3037465572,1.59755314756,2.446012732,2.33037465572,1.89514516543,1.23222943522,0.986561027114,3.146176242,0.0,0.0,0.0
453,2.90272865508,7.38339636905,23.3001849523,1.59699643814,2.44635055317,2.33001849523,1.88826065933,1.23239806218,0.986501217801,3.14609208437,0.0,0.0,0.0
454,2.90794166093,7.38439436782,23.296699185,1.59643891835,2.44668122143,2.3296699185,1.88137509412,1.23256311828,0.986442517258,3.14600708933,0.0,0.0,0.0
455,2.91315332493,7.38537075609,23.2932893051,1.59588060565,2.44700472946,2.32932893051,1.874488492,1.23272459988,0.986384936706,3.14592127242,0.0,0.0,0.0
456,2.9183636772,7.38632551223,23.289955361,1.59532151748,2.44732107008,2.3289955361,1.86760087525,1.23288250345,0.98632848716,3.14583464935,0.0,0.0,0.0
457,2.92357274784,7.38725861515,23.2866974003,1.59476167134,2.44763023631,2.32866974003,1.86071226617,1.2330368255,0.98627317942,3.14574723601,0.0,0.0,0.0
458,2.92878056692,7.38817004419,23.2835154691,1.59420108469,2.44793222131,2.32835154691,1.85382268714,1.23318756266,0.986219024077,3.14565904843,0.0,0.0,0.0
459,2.9339871645,7.38905977922,23.2804096127,1.59363977502,2.4482270184,2.32804096127,1.84693216057,1.23333471161,0.986166031503,3.14557010282,0.0,0.0,0.0
460,2.93919257062,7.3899278006,23.2773798751,1.59307775985,2.44851462108,2.32773798751,1.84004070893,1.23347826913,0.986114211852,3.14548041553,0.0,0.0,0.0
461,2.94439681531,7.39077408915,23.2744262992,1.59251505668,2.448795023,2.32744262992,1.83314835473,1.23361823208,0.986063575059,3.14539000307,0.0,0.0,0.0
462,2.94959992856,7.39159862621,23.2715489269,1.59195168303,2.44906821796,2.32715489269,1.82625512053,1.23375459739,0.986014130835,3.14529888211,0.0,0.0,0.0
463,2.95480194038,7.39240139358,23.2687477987,1.59138765643,2.44933419994,2.32687477987,1.81936102892,1.23388736207,0.985965888667,3.14520706945,0.0,0.0,0.0
464,2.96000288072,7.39318237358,23.2660229544,1.59082299443,2.44959296308,2.32660229544,1.81246610256,1.23401652322,0.985918857814,3.14511458204,0.0,0.0,0.0
465,2.96520277955,7.39394154899,23.2633744323,1.59025771456,2.44984450168,2.32633744323,1.80557036414,1.23414207801,0.985873047308,3.14502143697,0.0,0.0,0.0
466,2.97040166681,7.3946789031,23.2608022698,1.5896918344,2.4500888102,2.32608022698,1.79867383638,1.2342640237,0.985828465949,3.14492765147,0.0,0.0,0.0
467,2.97559957241,7.39539441966,23.2583065032,1.58912537149,2.45032588325,2.32583065032,1.79177654206,1.23438235762,0.985785122302,3.1448332429,0.0,0.0,0.0
468,2.98079652627,7.39608808294,23.2558871676,1.58855834342,2.45055571563,2.32558871676,1.78487850398,1.2344970772,0.985743024702,3.14473822874,0.0,0.0,0.0
469,2.98599255828,7.39675987767,23.2535442971,1.58799076776,2.45077830228,2.32535442971,1.777979745,1.23460817991,0.985702181242,3.14464262662,0.0,0.0,0.0
470,2.99118769832,7.39740978909,23.2512779245,1.58742266211,2.45099363829,2.32512779245,1.771080288,1.23471566335,0.985662599781,3.14454645427,0.0,0.0,0.0
471,2.99638197626,7.39803780291,23.2490880818,1.58685404405,2.45120171894,2.32490880818,1.76418015591,1.23481952515,0.985624287933,3.14444972954,0.0,0.0,0.0
472,3.00157542194,7.39864390532,23.2469747996,1.5862849312,2.45140253966,2.32469747996,1.75727937167,1.23491976307,0.985587253076,3.1443524704,0.0,0.0,0.0
473,3.00676806522,7.39922808301,23.2449381077,1.58571534116,2.45159609604,2.32449381077,1.75037795828,1.23501637491,0.985551502339,3.14425469495,0.0,0.0,0.0
474,3.01195993591,7.39979032317,23.2429780345,1.58514529155,2.45178238382,2.32429780345,1.74347593876,1.23510935856,0.985517042608,3.14415642138,0.0,0.0,0.0
475,3.01715106383,7.40033061344,23.2410946077,1.5845748,2.45196139891,2.32410946077,1.73657333616,1.23519871201,0.985483880523,3.14405766796,0.0,0.0,0.0
476,3.02234147878,7.40084894197,23.2392878534,1.58400388412,2.45213313739,2.32392878534,1.72967017358,1.2352844333,0.985452022474,3.14395845312,0.0,0.0,0.0
477,3.02753121056,7.40134529738,23.2375577971,1.58343256156,2.45229759549,2.32375577971,1.72276647412,1.23536652057,0.985421474603,3.14385879532,0.0,0.0,0.0
478,3.03272028894,7.4018196688,23.2359044629,1.58286084996,2.4524547696,2.32359044629,1.71586226092,1.23544497203,0.9853922428,3.14375871317,0.0,0.0,0.0
479,3.03790874371,7.40227204581,23.234327874,1.58228876695,2.45260465628,2.3234327874,1.70895755716,1.23551978598,0.985364332703,3.14365822534,0.0,0.0,0.0
480,3.04309660461,7.40270241851,23.2328280524,1.58171633021,2.45274725224,2.32328280524,1.70205238602,1.23559096078,0.985337749696,3.14355735057,0.0,0.0,0.0
481,3.0482839014,7.40311077747,23.231405019,1.58114355737,2.45288255436,2.3231405019,1.69514677072,1.23565849489,0.985312498908,3.14345610773,0.0,0.0,0.0
482,3.05347066383,7.40349711373,23.2300587937,1.58057046611,2.45301055967,2.32300587937,1.68824073451,1.23572238684,0.985288585213,3.14335451571,0.0,0.0,0.0
483,3.05865692162,7.40386141883,23.2287893953,1.57999707409,2.45313126536,2.32287893953,1.68133430065,1.23578263524,0.985266013226,3.14325259352,0.0,0.0,0.0
484,3.06384270451,7.4042036848,23.2275968415,1.57942339897,2.4532446688,2.32275968415,1.67442749241,1.23583923878,0.985244787306,3.14315036021,0.0,0.0,0.0
485,3.0690280422,7.40452390413,23.2264811489,1.57884945844,2.4533507675,2.32264811489,1.66752033311,1.23589219623,0.985224911552,3.14304783491,0.0,0.0,0.0
486,3.07421296443,7.40482206983,23.2254423331,1.57827527016,2.45344955914,2.32254423331,1.66061284606,1.23594150645,0.985206389801,3.14294503681,0.0,0.0,0.0
487,3.07939750088,7.40509817536,23.2244804087,1.57770085183,2.45354104155,2.32244804087,1.65370505461,1.23598716835,0.985189225633,3.14284198515,0.0,0.0,0.0
488,3.08458168125,7.40535221468,23.2235953888,1.57712622112,2.45362521273,2.32235953888,1.64679698211,1.23602918095,0.985173422362,3.14273869924,0.0,0.0,0.0
489,3.08976553525,7.40558418223,23.222787286,1.57655139572,2.45370207085,2.3222787286,1.63988865192,1.23606754333,0.985158983043,3.14263519841,0.0,0.0,0.0
490,3.09494909255,7.40579407294,23.2220561114,1.57597639333,2.45377161422,2.32220561114,1.63298008743,1.23610225466,0.985145910466,3.14253150206,0.0,0.0,0.0
491,3.10013238285,7.40598188221,23.2214018753,1.57540123163,2.45383384132,2.32214018753,1.62607131204,1.2361333142,0.985134207158,3.14242762963,0.0,0.0,0.0
492,3.10531543581,7.40614760594,23.2208245867,1.57482592832,2.45388875078,2.32208245867,1.61916234915,1.23616072125,0.985123875379,3.14232360059,0.0,0.0,0.0
493,3.11049828111,7.4062912405,23.2203242537,1.5742505011,2.45393634141,2.32203242537,1.61225322217,1.23618447524,0.985114917128,3.14221943443,0.0,0.0,0.0
494,3.11568094843,7.40641278275,23.2199008832,1.57367496766,2.45397661217,2.32199008832,1.60534395454,1.23620457564,0.985107334137,3.1421151507,0.0,0.0,0.0
495,3.12086346744,7.40651223004,23.2195544811,1.57309934571,2.45400956217,2.32195544811,1.59843456968,1.23622102201,0.985101127871,3.14201076896,0.0,0.0,0.0
496,3.12604586779,7.40658958018,23.2192850522,1.57252365294,2.45403519069,2.32192850522,1.59152509103,1.23623381401,0.98509629953,3.14190630877,0.0,0.0,0.0
497,3.13122817916,7.40664483149,23.2190926004,1.57194790707,2.45405349718,2.32190926004,1.58461554203,1.23624295135,0.985092850049,3.14180178974,0.0,0.0,0.0
498,3.13641043121,7.40667798276,23.2189771282,1.57137212578,2.45406448124,2.32189771282,1.57770594614,1.23624843383,0.985090780093,3.14169723148,0.0,0.0,0.0
499,3.14159265359,7.40668903327,23.2189386373,1.57079632679,2.45406814262,2.32189386373,1.57079632679,1.23625026134,0.985090090063,3.14159265359,0.0,0.0,0.0
500,3.14159265359,7.40668903327,23.2189386373,1.57079632679,2.45406814262,2.32189386373,1.57079632679,1.23625026134,0.985090090063,3.14159265359,0.0,0.0,0.0
501,3.14677487597,7.40667798276,23.2189771282,1.57022052781,2.45406448124,2.32189771282,1.56388670745,1.23624843383,0.985090780093,3.1414880757,0.0,0.0,0.0
502,3.15195712802,7.40664483149,23.2190926004,1.56964474652,2.45405349718,2.32190926004,1.55697711156,1.23624295135,0.985092850049,3.14138351744,0.0,0.0,0.0
503,3.15713943939,7.40658958018,23.2192850522,1.56906900065,2.45403519069,2.32192850522,1.55006756256,1.23623381401,0.98509629953,3.14127899841,0.0,0.0,0.0
504,3.16232183974,7.40651223004,23.2195544811,1.56849330788,2.45400956217,2.32195544811,1.54315808391,1.23622102201,0.985101127871,3.14117453822,0.0,0.0,0.0
505,3.16750435874,7.40641278275,23.2199008832,1.56791768593,2.45397661217,2.32199008832,1.53624869905,1.23620457564,0.985107334137,3.14107015648,0.0,0.0,0.0
506,3.17268702607,7.4062912405,23.2203242537,1.56734215249,2.45393634141,2.32203242537,1.52933943142,1.23618447524,0.985114917128,3.14096587275,0.0,0.0,0.0
507,3.17786987137,7.40614760594,23.2208245867,1.56676672527,2.45388875078,2.32208245867,1.52243030444,1.23616072125,0.985123875379,3.14086170659,0.0,0.0,0.0
508,3.18305292433,7.40598188221,23.2214018753,1.56619142196,2.45383384132,2.32214018753,1.51552134155,1.2361333142,0.985134207158,3.14075767755,0.0,0.0,0.0
509,3.18823621463,7.40579407294,23.2220561114,1.56561626026,2.45377161422,2.32220561114,1.50861256616,1.23610225466,0.985145910466,3.14065380512,0.0,0.0,0.0
510,3.19341977193,7.40558418223,23.222787286,1.56504125787,2.45370207085,2.3222787286,1.50170400167,1.23606754333,0.985158983043,3.14055010877,0.0,0.0,0.0
511,3.19860362593,7.40535221468,23.2235953888,1.56446643247,2.45362521273,2.32235953888,1.49479567148,1.23602918095,0.985173422362,3.14044660794,0.0,0.0,0.0
512,3.2037878063,7.40509817536,23.2244804087,1.56389180176,2.45354104155,2.32244804087,1.48788759898,1.23598716835,0.985189225633,3.14034332202,0.0,0.0,0.0
513,3.20897234275,7.40482206983,23.2254423331,1.56331738343,2.45344955914,2.32254423331,1.48097980753,1.23594150645,0.985206389801,3.14024027037,0.0,0.0,0.0
514,3.21415726497,7.40452390413,23.2264811489,1.56274319515,2.4533507675,2.32264811489,1.47407232048,1.23589219623,0.985224911552,3.14013747227,0.0,0.0,0.0
515,3.21934260267,7.4042036848,23.2275968415,1.56216925462,2.4532446688,2.32275968415,1.46716516118,1.23583923878,0.985244787306,3.14003494697,0.0,0.0,0.0
516,3.22452838556,7.40386141883,23.2287893953,1.5615955795,2.45313126536,2.32287893953,1.46025835294,1.23578263524,0.985266013226,3.13993271366,0.0,0.0,0.0
517,3.22971464335,7.40349711373,23.2300587937,1.56102218748,2.45301055967,2.32300587937,1.45335191908,1.23572238684,0.985288585213,3.13983079147,0.0,0.0,0.0
518,3.23490140578,7.40311077747,23.231405019,1.56044909621,2.45288255436,2.3231405019,1.44644588287,1.23565849489,0.985312498908,3.13972919945,0.0,0.0,0.0
519,3.24008870257,7.40270241851,23.2328280524,1.55987632338,2.45274725224,2.32328280524,1.43954026757,1.23559096078,0.985337749696,3.13962795661,0.0,0.0,0.0
520,3.24527656347,7.40227204581,23.234327874,1.55930388663,2.45260465628,2.3234327874,1.43263509643,1.23551978598,0.985364332703,3.13952708184,0.0,0.0,0.0
521,3.25046501824,7.4018196688,23.2359044629,1.55873180363,2.4524547696,2.32359044629,1.42573039267,1.23544497203,0.9853922428,3.13942659401,0.0,0.0,0.0
522,3.25565409662,7.40134529738,23.2375577971,1.55816009203,2.45229759549,2.32375577971,1.41882617947,1.23536652057,0.985421474603,3.13932651186,0.0,0.0,0.0
523,3.2608438284,7.40084894197,23.2392878534,1.55758876947,2.45213313739,2.32392878534,1.41192248001,1.2352844333,0.985452022474,3.13922685406,0.0,0.0,0.0
524,3.26603424335,7.40033061344,23.2410946077,1.55701785359,2.45196139891,2.32410946077,1.40501931743,1.23519871201,0.985483880523,3.13912763921,0.0,0.0,0.0
525,3.27122537127,7.39979032317,23.2429780345,1.55644736204,2.45178238382,2.32429780345,1.39811671483,1.23510935856,0.985517042608,3.1390288858,0.0,0.0,0.0
526,3.27641724196,7.39922808301,23.2449381077,1.55587731243,2.45159609604,2.32449381077,1.39121469531,1.23501637491,0.985551502339,3.13893061223,0.0,0.0,0.0
527,3.28160988524,7.39864390532,23.2469747996,1.55530772239,2.45140253966,2.32469747996,1.38431328192,1.23491976307,0.985587253076,3.13883283677,0.0,0.0,0.0
528,3.28680333092,7.39803780291,23.2490880818,1.55473860954,2.45120171894,2.32490880818,1.37741249768,1.23481952515,0.985624287933,3.13873557764,0.0,0.0,0.0
529,3.29199760886,7.39740978909,23.2512779245,1.55416999148,2.45099363829,2.32512779245,1.37051236559,1.23471566335,0.985662599781,3.13863885291,0.0,0.0,0.0
530,3.2971927489,7.39675987767,23.2535442971,1.55360188583,2.45077830228,2.32535442971,1.36361290859,1.23460817991,0.985702181242,3.13854268056,0.0,0.0,0.0
531,3.30238878091,7.39608808294,23.2558871676,1.55303431017,2.45055571563,2.32558871676,1.35671414961,1.2344970772,0.985743024702,3.13844707844,0.0,0.0,0.0
532,3.30758573477,7.39539441966,23.2583065032,1.5524672821,2.45032588325,2.32583065032,1.34981611153,1.23438235762,0.985785122302,3.13835206428,0.0,0.0,0.0
533,3.31278364037,7.3946789031,23.2608022698,1.55190081919,2.4500888102,2.32608022698,1.34291881721,1.2342640237,0.985828465949,3.13825765571,0.0,0.0,0.0
534,3.31798252763,7.39394154899,23.2633744323,1.55133493903,2.44984450168,2.32633744323,1.33602228945,1.23414207801,0.985873047308,3.13816387021,0.0,0.0,0.0
535,3.32318242646,7.39318237358,23.2660229544,1.55076965916,2.44959296308,2.32660229544,1.32912655103,1.23401652322,0.985918857814,3.13807072514,0.0,0.0,0.0
536,3.3283833668,7.39240139358,23.2687477987,1.55020499716,2.44933419994,2.32687477987,1.32223162467,1.23388736207,0.985965888667,3.13797823773,0.0,0.0,0.0
537,3.33358537862,7.39159862621,23.2715489269,1.54964097056,2.44906821796,2.32715489269,1.31533753306,1.23375459739,0.986014130835,3.13788642507,0.0,0.0,0.0
538,3.33878849187,7.39077408915,23.2744262992,1.54907759691,2.448795023,2.32744262992,1.30844429886,1.23361823208,0.986063575059,3.13779530411,0.0,0.0,0.0
539,3.34399273656,7.3899278006,23.2773798751,1.54851489374,2.44851462108,2.32773798751,1.30155194466,1.23347826913,0.986114211852,3.13770489165,0.0,0.0,0.0
540,3.34919814268,7.38905977922,23.2804096127,1.54795287857,2.4482270184,2.32804096127,1.29466049302,1.23333471161,0.986166031503,3.13761520436,0.0,0.0,0.0
541,3.35440474026,7.38817004419,23.2835154691,1.5473915689,2.44793222131,2.32835154691,1.28776996645,1.23318756266,0.986219024077,3.13752625875,0.0,0.0,0.0
542,3.35961255934,7.38725861515,23.2866974003,1.54683098225,2.44763023631,2.32866974003,1.28088038742,1.2330368255,0.98627317942,3.13743807117,0.0,0.0,0.0
543,3.36482162997,7.38632551223,23.289955361,1.54627113611,2.44732107008,2.3289955361,1.27399177834,1.23288250345,0.98632848716,3.13735065783,0.0,0.0,0.0
544,3.37003198224,7.38537075609,23.2932893051,1.54571204794,2.44700472946,2.32932893051,1.26710416159,1.23272459988,0.986384936706,3.13726403476,0.0,0.0,0.0
545,3.37524364625,7.38439436782,23.296699185,1.54515373524,2.44668122143,2.3296699185,1.26021755947,1.23256311828,0.986442517258,3.13717821785,0.0,0.0,0.0
546,3.3804566521,7.38339636905,23.3001849523,1.54459621545,2.44635055317,2.33001849523,1.25333199426,1.23239806218,0.986501217801,3.13709322281,0.0,0.0,0.0
547,3.38567102993,7.38237678189,23.3037465572,1.54403950603,2.446012732,2.33037465572,1.24644748816,1.23222943522,0.986561027114,3.13700906518,0.0,0.0,0.0
548,3.3908868099,7.38133562891,23.3073839489,1.54348362441,2.4456677654,2.33073839489,1.23956406335,1.23205724111,0.986621933766,3.13692576034,0.0,0.0,0.0
549,3.39610402218,7.38027293322,23.3110970754,1.54292858803,2.44531566102,2.33110970754,1.23268174192,1.23188148363,0.986683926127,3.13684332348,0.0,0.0,0.0
550,3.40132269698,7.37918871838,23.3148858837,1.5423744143,2.44495642667,2.33148858837,1.22580054593,1.23170216666,0.986746992363,3.13676176963,0.0,0.0,0.0
551,3.40654286451,7.37808300848,23.3187503195,1.54182112063,2.44459007034,2.33187503195,1.21892049737,1.23151929415,0.98681112044,3.13668111362,0.0,0.0,0.0
552,3.41176455501,7.37695582807,23.3226903273,1.5412687244,2.44421660015,2.33226903273,1.21204161818,1.23133287013,0.98687629813,3.13660137012,0.0,0.0,0.0
553,3.41698779874,7.3758072022,23.3267058506,1.54071724299,2.44383602442,2.33267058506,1.20516393024,1.23114289872,0.986942513012,3.13652255359,0.0,0.0,0.0
554,3.42221262598,7.37463715644,23.3307968316,1.54016669378,2.4434483516,2.33307968316,1.19828745537,1.23094938411,0.987009752472,3.13644467832,0.0,0.0,0.0
555,3.42743906704,7.37344571683,23.3349632116,1.53961709413,2.44305359032,2.33349632116,1.19141221533,1.23075233059,0.98707800371,3.1363677584,0.0,0.0,0.0
556,3.43266715225,7.3722329099,23.3392049304,1.53906846136,2.44265174939,2.33392049304,1.18453823183,1.2305517425,0.98714725374,3.13629180773,0.0,0.0,0.0
557,3.43789691196,7.3709987627,23.3435219268,1.53852081282,2.44224283775,2.33435219268,1.17766552649,1.23034762429,0.987217489393,3.13621684001,0.0,0.0,0.0
558,3.44312837655,7.36974330275,23.3479141384,1.53797416581,2.44182686454,2.33479141384,1.17079412089,1.23013998048,0.987288697323,3.13614286874,0.0,0.0,0.0
559,3.44836157641,7.36846655808,23.3523815017,1.53742853765,2.44140383903,2.33523815017,1.16392403654,1.22992881567,0.987360864003,3.13606990723,0.0,0.0,0.0
560,3.45359654197,7.36716855723,23.3569239518,1.53688394562,2.44097377068,2.33569239518,1.15705529489,1.22971413455,0.987433975737,3.13599796857,0.0,0.0,0.0
561,3.45883330367,7.3658493292,23.361541423,1.536340407,2.4405366691,2.3361541423,1.15018791733,1.22949594188,0.987508018654,3.13592706565,0.0,0.0,0.0
562,3.46407189198,7.36450890352,23.3662338479,1.53579793904,2.44009254407,2.33662338479,1.14332192515,1.22927424251,0.987582978717,3.13585721117,0.0,0.0,0.0
563,3.4693123374,7.36314731021,23.3710011584,1.535256559,2.43964140555,2.33710011584,1.13645733961,1.22904904138,0.987658841725,3.13578841759,0.0,0.0,0.0
564,3.47455467045,7.36176457979,23.3758432849,1.53471628411,2.43918326364,2.33758432849,1.12959418189,1.22882034348,0.987735593314,3.13572069718,0.0,0.0,0.0
565,3.47979892167,7.36036074327,23.3807601566,1.53417713159,2.43871812861,2.33807601566,1.12273247309,1.22858815392,0.987813218961,3.13565406198,0.0,0.0,0.0
566,3.48504512164,7.35893583217,23.3857517017,1.53363911863,2.43824601092,2.33857517017,1.11587223426,1.22835247788,0.987891703987,3.13558852383,0.0,0.0,0.0
567,3.49029330095,7.35748987852,23.390817847,1.53310226244,2.43776692117,2.3390817847,1.10901348637,1.22811332061,0.987971033561,3.13552409433,0.0,0.0,0.0
568,3.49554349022,7.35602291482,23.3959585182,1.53256658018,2.43728087014,2.33959585182,1.1021562503,1.22787068745,0.988051192704,3.13546078487,0.0,0.0,0.0
569,3.50079572011,7.35453497411,23.4011736395,1.532032089,2.43678786876,2.34011736395,1.09530054689,1.22762458383,0.988132166288,3.13539860664,0.0,0.0,0.0
570,3.50605002129,7.35302608991,23.4064631344,1.53149880606,2.43628792815,2.34064631344,1.08844639689,1.22737501526,0.988213939043,3.13533757056,0.0,0.0,0.0
571,3.51130642445,7.35149629624,23.4118269246,1.53096674847,2.43578105958,2.34118269246,1.08159382097,1.22712198731,0.98829649556,3.13527768736,0.0,0.0,0.0
572,3.51656496034,7.34994562765,23.417264931,1.53043593336,2.43526727449,2.3417264931,1.07474283973,1.22686550568,0.988379820292,3.13521896753,0.0,0.0,0.0
573,3.52182565969,7.34837411917,23.4227770729,1.5299063778,2.43474658449,2.34227770729,1.06789347372,1.22660557611,0.98846389756,3.13516142133,0.0,0.0,0.0
574,3.5270885533,7.34678180634,23.4283632687,1.52937809889,2.43421900136,2.34283632687,1.06104574336,1.22634220444,0.988548711552,3.13510505879,0.0,0.0,0.0
575,3.53235367196,7.34516872521,23.4340234353,1.52885111367,2.43368453704,2.34340234353,1.05419966905,1.22607539659,0.988634246332,3.13504988972,0.0,0.0,0.0
576,3.53762104653,7.34353491235,23.4397574884,1.5283254392,2.43314320365,2.34397574884,1.04735527107,1.22580515857,0.988720485839,3.13499592366,0.0,0.0,0.0
577,3.54289070785,7.34188040481,23.4455653425,1.5278010925,2.43259501347,2.34455653425,1.04051256965,1.22553149646,0.988807413894,3.13494316996,0.0,0.0,0.0
578,3.54816268683,7.34020524018,23.4514469106,1.52727809058,2.43203997894,2.34514469106,1.03367158492,1.22525441645,0.988895014197,3.1348916377,0.0,0.0,0.0
579,3.55343701438,7.33850945653,23.4574021049,1.52675645044,2.43147811269,2.34574021049,1.02683233694,1.22497392479,0.988983270338,3.13484133574,0.0,0.0,0.0
580,3.55871372144,7.33679309246,23.4634308357,1.52623618905,2.4309094275,2.34634308357,1.0199948457,1.22469002781,0.989072165795,3.13479227269,0.0,0.0,0.0
581,3.563992839,7.33505618708,23.4695330125,1.52571732336,2.43033393632,2.34695330125,1.01315913109,1.22440273195,0.989161683941,3.13474445693,0.0,0.0,0.0
582,3.56927439804,7.33329878001,23.4757085434,1.52519987032,2.4297516523,2.34757085434,1.00632521292,1.22411204371,0.989251808043,3.13469789658,0.0,0.0,0.0
583,3.57455842961,7.33152091136,23.4819573349,1.52468384685,2.42916258871,2.34819573349,0.999493110932,1.22381796968,0.989342521271,3.13465259955,0.0,0.0,0.0
584,3.57984496477,7.3297226218,23.4882792925,1.52416926985,2.42856675904,2.34882792925,0.992662844777,1.22352051655,0.989433806695,3.13460857346,0.0,0.0,0.0
585,3.58513403459,7.32790395248,23.4946743204,1.5236561562,2.42796417691,2.34946743204,0.985834434021,1.22321969108,0.989525647296,3.13456582574,0.0,0.0,0.0
586,3.59042567019,7.32606494508,23.5011423213,1.52314452278,2.42735485614,2.35011423213,0.979007898147,1.22291550011,0.989618025963,3.13452436352,0.0,0.0,0.0
587,3.59571990272,7.32420564178,23.5076831966,1.52263438642,2.4267388107,2.35076831966,0.972183256554,1.22260795058,0.989710925498,3.13448419373,0.0,0.0,0.0
588,3.60101676334,7.3223260853,23.5142968464,1.52212576397,2.42611605475,2.35142968464,0.965360528555,1.22229704951,0.989804328623,3.13444532302,0.0,0.0,0.0
589,3.60631628327,7.32042631887,23.5209831696,1.52161867221,2.42548660261,2.35209831696,0.958539733376,1.22198280399,0.989898217977,3.13440775781,0.0,0.0,0.0
590,3.61161849371,7.31850638623,23.5277420634,1.52111312796,2.42485046877,2.35277420634,0.95172089016,1.22166522123,0.989992576128,3.13437150426,0.0,0.0,0.0
591,3.61692342594,7.31656633166,23.534573424,1.52060914797,2.42420766791,2.3534573424,0.944904017959,1.22134430849,0.990087385567,3.13433656829,0.0,0.0,0.0
592,3.62223111123,7.31460619993,23.5414771461,1.52010674899,2.42355821486,2.35414771461,0.93808913574,1.22102007314,0.990182628719,3.13430295556,0.0,0.0,0.0
593,3.6275415809,7.31262603638,23.5484531229,1.51960594776,2.42290212463,2.35484531229,0.931276262382,1.22069252261,0.990278287943,3.1342706715,0.0,0.0,0.0
594,3.63285486629,7.31062588683,23.5555012463,1.51910676099,2.42223941242,2.35555012463,0.924465416675,1.22036166446,0.990374345536,3.13423972126,0.0,0.0,0.0
595,3.63817099877,7.30860579764,23.562621407,1.51860920536,2.42157009358,2.3562621407,0.917656617318,1.22002750629,0.990470783738,3.13421010977,0.0,0.0,0.0
596,3.64349000974,7.30656581571,23.569813494,1.51811329755,2.42089418365,2.35698134939,0.910849882925,1.21969005582,0.990567584732,3.13418184168,0.0,0.0,0.0
597,3.64881193061,7.30450598845,23.577077395,1.51761905421,2.42021169834,2.3577077395,0.904045232016,1.21934932083,0.990664730651,3.13415492141,0.0,0.0,0.0
598,3.65413679285,7.3024263638,23.5844129964,1.51712649196,2.41952265354,2.35844129964,0.897242683023,1.21900530921,0.990762203581,3.13412935311,0.0,0.0,0.0
599,3.65946462793,7.30032699024,23.591820183,1.51663562741,2.4188270653,2.3591820183,0.890442254286,1.21865802892,0.990859985561,3.1341051407,0.0,0.0,0.0
600,3.66479546737,7.29820791677,23.5992988383,1.51614647714,2.41812494987,2.35992988383,0.883643964055,1.21830748802,0.990958058591,3.13408228782,0.0,0.0,0.0
601,3.6701293427,7.29606919293,23.6068488444,1.51565905773,2.41741632365,2.36068488444,0.876847830487,1.21795369466,0.991056404635,3.13406079788,0.0,0.0,0.0
602,3.67546628549,7.29391086879,23.6144700817,1.51517338571,2.41670120324,2.36144700817,0.870053871648,1.21759665706,0.99115500562,3.13404067403,0.0,0.0,0.0
603,3.68080632731,7.29173299494,23.6221624294,1.51468947761,2.41597960539,2.36221624294,0.86326210551,1.21723638354,0.991253843446,3.13402191917,0.0,0.0,0.0
604,3.68614949981,7.28953562254,23.6299257651,1.51420734992,2.41525154707,2.36299257651,0.856472549956,1.21687288251,0.991352899982,3.13400453594,0.0,0.0,0.0
605,3.69149583461,7.28731880325,23.6377599649,1.51372701913,2.41451704538,2.36377599649,0.849685222772,1.21650616247,0.991452157079,3.13398852674,0.0,0.0,0.0
606,3.69684536339,7.28508258929,23.6456649036,1.51324850168,2.41377611764,2.36456649036,0.842900141652,1.216136232,0.991551596563,3.1339738937,0.0,0.0,0.0
607,3.70219811786,7.28282703342,23.6536404542,1.51277181402,2.41302878131,2.36536404542,0.836117324197,1.21576309978,0.991651200246,3.13396063872,0.0,0.0,0.0
608,3.70755412973,7.28055218893,23.6616864885,1.51229697255,2.41227505405,2.36616864885,0.829336787912,1.21538677456,0.991750949927,3.13394876343,0.0,0.0,0.0
609,3.71291343075,7.27825810966,23.6698028765,1.51182399365,2.41151495371,2.36698028765,0.82255855021,1.21500726521,0.991850827395,3.13393826923,0.0,0.0,0.0
610,3.71827605271,7.27594484998,23.677989487,1.51135289371,2.41074849831,2.3677989487,0.815782628407,1.21462458065,0.991950814432,3.13392915725,0.0,0.0,0.0
611,3.72364202741,7.27361246484,23.6862461869,1.51088368904,2.40997570603,2.36862461869,0.809009039726,1.21423872993,0.992050892819,3.13392142837,0.0,0.0,0.0
612,3.72901138667,7.27126100969,23.6945728419,1.51041639599,2.40919659527,2.36945728419,0.802237801293,1.21384972217,0.992151044338,3.13391508323,0.0,0.0,0.0
613,3.73438416234,7.26889054057,23.7029693158,1.50995103083,2.40841118458,2.37029693158,0.79546893014,1.21345756658,0.992251250771,3.13391012223,0.0,0.0,0.0
614,3.73976038631,7.26650111405,23.7114354711,1.50948760984,2.4076194927,2.37114354711,0.788702443203,1.21306227246,0.992351493913,3.1339065455,0.0,0.0,0.0
615,3.74514009048,7.26409278723,23.7199711685,1.50902614927,2.40682153858,2.37199711685,0.781938357321,1.21266384921,0.992451755566,3.13390435292,0.0,0.0,0.0
616,3.75052330677,7.26166561782,23.7285762674,1.50856666534,2.4060173413,2.37285762674,0.775176689237,1.2122623063,0.992552017548,3.13390354415,0.0,0.0,0.0
617,3.75591006713,7.25921966402,23.7372506253,1.50810917424,2.40520692017,2.37372506253,0.768417455598,1.21185765333,0.992652261694,3.13390411859,0.0,0.0,0.0
618,3.76130040354,7.25675498462,23.7459940983,1.50765369217,2.40439029467,2.37459940983,0.761660672955,1.21144989996,0.992752469859,3.13390607538,0.0,0.0,0.0
619,3.76669434799,7.25427163898,23.7548065407,1.50720023525,2.40356748445,2.37548065407,0.754906357762,1.21103905595,0.992852623925,3.13390941343,0.0,0.0,0.0
620,3.77209193251,7.25176968699,23.7636878054,1.50674881963,2.40273850936,2.37636878054,0.748154526374,1.21062513115,0.992952705798,3.13391413141,0.0,0.0,0.0
621,3.77749318912,7.2492491891,23.7726377433,1.50629946139,2.40190338945,2.37726377433,0.741405195053,1.21020813551,0.993052697418,3.13392022773,0.0,0.0,0.0
622,3.7828981499,7.24671020635,23.7816562039,1.50585217662,2.40106214491,2.37816562039,0.734658379959,1.20978807906,0.993152580755,3.13392770058,0.0,0.0,0.0
623,3.78830684693,7.24415280033,23.790743035,1.50540698136,2.40021479617,2.3790743035,0.727914097157,1.20936497194,0.993252337822,3.13393654789,0.0,0.0,0.0
624,3.79371931231,7.24157703318,23.7998980828,1.50496389164,2.39936136381,2.37998980828,0.721172362615,1.20893882438,0.993351950667,3.13394676735,0.0,0.0,0.0
625,3.79913557818,7.23898296763,23.8091211915,1.50452292346,2.39850186862,2.38091211915,0.714433192203,1.20850964669,0.993451401385,3.13395835643,0.0,0.0,0.0
626,3.80455567667,7.23637066696,23.8184122038,1.50408409279,2.39763633156,2.38184122038,0.707696601691,1.20807744928,0.993550672118,3.13397131234,0.0,0.0,0.0
627,3.80997963994,7.23374019504,23.8277709607,1.50364741557,2.3967647738,2.38277709607,0.700962606754,1.20764224266,0.993649745055,3.13398563207,0.0,0.0,0.0
628,3.81540750019,7.23109161631,23.8371973015,1.50321290772,2.39588721668,2.38371973015,0.694231222968,1.20720403744,0.993748602443,3.13400131237,0.0,0.0,0.0
629,3.82083928962,7.22842499576,23.8466910635,1.50278058514,2.39500368174,2.38466910635,0.687502465811,1.20676284431,0.99384722658,3.13401834974,0.0,0.0,0.0
630,3.82627504043,7.22574039898,23.8562520825,1.5023504637,2.39411419072,2.38562520825,0.680776350661,1.20631867405,0.993945599829,3.13403674048,0.0,0.0,0.0
631,3.83171478488,7.22303789214,23.8658801924,1.50192255923,2.39321876553,2.38658801924,0.674052892802,1.20587153757,0.994043704611,3.13405648062,0.0,0.0,0.0
632,3.83715855521,7.22031754197,23.8755752254,1.50149688754,2.39231742828,2.38755752254,0.667332107416,1.20542144584,0.994141523415,3.13407756599,0.0,0.0,0.0
633,3.84260638369,7.21757941579,23.8853370118,1.50107346443,2.39141020129,2.38853370118,0.660614009588,1.20496840994,0.994239038799,3.13409999217,0.0,0.0,0.0
634,3.84805830261,7.21482358152,23.8951653801,1.50065230564,2.39049710705,2.38951653801,0.653898614306,1.20451244104,0.994336233392,3.13412375454,0.0,0.0,0.0
635,3.85351434427,7.21205010765,23.905060157,1.50023342691,2.38957816826,2.3905060157,0.647185936457,1.20405355042,0.994433089896,3.13414884822,0.0,0.0,0.0
636,3.85897454097,7.20925906325,23.9150211674,1.49981684393,2.38865340781,2.39150211674,0.640475990832,1.20359174945,0.994529591093,3.13417526813,0.0,0.0,0.0
637,3.86443892505,7.20645051799,23.9250482342,1.49940257239,2.38772284877,2.39250482342,0.633768792122,1.2031270496,0.994625719845,3.13420300895,0.0,0.0,0.0
638,3.86990752885,7.20362454214,23.9351411786,1.49899062792,2.38678651443,2.39351411786,0.627064354923,1.20265946243,0.994721459097,3.13423206516,0.0,0.0,0.0
639,3.8753803847,7.20078120655,23.9452998198,1.49858102614,2.38584442826,2.39452998198,0.620362693728,1.2021889996,0.994816791881,3.134262431,0.0,0.0,0.0
640,3.88085752499,7.19792058266,23.9555239751,1.49817378264,2.38489661394,2.39555239751,0.613663822935,1.20171567287,0.994911701317,3.13429410051,0.0,0.0,0.0
641,3.88633898207,7.19504274252,23.9658134599,1.49776891297,2.38394309533,2.39658134599,0.606967756844,1.20123949411,0.995006170619,3.13432706748,0.0,0.0,0.0
642,3.89182478834,7.19214775878,23.9761680877,1.49736643266,2.38298389652,2.39761680877,0.600274509654,1.20076047527,0.995100183094,3.13436132554,0.0,0.0,0.0
643,3.89731497617,7.18923570469,23.9865876701,1.49696635721,2.38201904176,2.39865876701,0.593584095469,1.20027862842,0.995193722147,3.13439686805,0.0,0.0,0.0
644,3.90280957798,7.18630665409,23.9970720165,1.49656870209,2.38104855552,2.39970720165,0.586896528294,1.1997939657,0.995286771286,3.13443368821,0.0,0.0,0.0
645,3.90830862617,7.18336068144,24.0076209346,1.49617348273,2.38007246248,2.40076209346,0.580211822034,1.19930649939,0.995379314117,3.13447177896,0.0,0.0,0.0
646,3.91381215314,7.1803978618,24.01823423,1.49578071455,2.37909078751,2.401823423,0.573529990499,1.19881624183,0.995471334357,3.13451113307,0.0,0.0,0.0
647,3.91932019132,7.17741827086,24.0289117062,1.49539041291,2.37810355567,2.40289117062,0.566851047401,1.1983232055,0.995562815828,3.13455174309,0.0,0.0,0.0
648,3.92483277313,7.17442198488,24.0396531647,1.49500259316,2.37711079225,2.40396531647,0.560175006352,1.19782740294,0.995653742465,3.13459360138,0.0,0.0,0.0
649,3.930349931,7.17140908079,24.0504584051,1.49461727062,2.37611252273,2.40504584051,0.553501880868,1.19732884684,0.995744098315,3.13463670007,0.0,0.0,0.0
650,3.93587169735,7.16837963608,24.0613272249,1.49423446057,2.37510877278,2.40613272249,0.546831684368,1.19682754994,0.995833867544,3.13468103111,0.0,0.0,0.0
651,3.94139810461,7.16533372889,24.0722594193,1.49385417826,2.3740995683,2.40722594193,0.540164430173,1.19632352512,0.995923034433,3.13472658626,0.0,0.0,0.0
652,3.94692918522,7.16227143799,24.0832547816,1.49347643891,2.37308493537,2.40832547816,0.533500131505,1.19581678535,0.996011583388,3.13477335706,0.0,0.0,0.0
653,3.95246497161,7.15919284275,24.0943131031,1.4931012577,2.37206490031,2.40943131031,0.526838801493,1.1953073437,0.996099498936,3.13482133488,0.0,0.0,0.0
654,3.9580054962,7.15609802316,24.1054341727,1.49272864979,2.37103948962,2.41054341727,0.520180453165,1.19479521335,0.996186765733,3.13487051088,1.0,617.240495511,1.42894856621
655,3.96355079143,7.15298705987,24.1166177773,1.49235863029,2.37000873001,2.41166177773,0.513525099454,1.19428040758,0.99627336856,3.13492087604,1.0,617.240236179,1.36287037124
656,3.96910088971,7.14986003414,24.1278637017,1.4919912143,2.36897264841,2.41278637017,0.506872753197,1.19376293978,0.996359292333,3.13497242114,1.0,617.239975281,1.31289361285
657,3.97465582347,7.14671702785,24.1391717283,1.49162641687,2.36793127195,2.41391717283,0.500223427132,1.19324282343,0.996444522099,3.1350251368,1.0,617.239712819,1.27085770105
658,3.98021562513,7.14355812353,24.1505416376,1.49126425301,2.36688462798,2.41505416376,0.493577133903,1.19272007213,0.996529043041,3.13507901343,1.0,617.239448797,1.23377719515
659,3.98578032708,7.14038340435,24.1619732076,1.49090473771,2.36583274405,2.41619732076,0.486933886057,1.19219469959,0.996612840481,3.13513404127,1.0,617.239183218,1.20016098788
660,3.99134996173,7.13719295411,24.1734662143,1.49054788593,2.36477564792,2.41734662143,0.480293696045,1.1916667196,0.996695899879,3.13519021039,1.0,617.238916084,1.16913755687
661,3.99692456148,7.13398685725,24.1850204313,1.49019371257,2.36371336758,2.41850204313,0.473656576222,1.19113614609,0.996778206841,3.13524751065,1.0,617.2386474,1.1401454731
662,4.00250415869,7.13076519886,24.19663563,1.48984223251,2.36264593122,2.419663563,0.467022538846,1.19060299306,0.996859747114,3.13530593178,1.0,617.238377168,1.11279811389
663,4.00808878575,7.12752806468,24.2083115794,1.48949346061,2.36157336724,2.42083115794,0.460391596083,1.19006727466,0.996940506594,3.13536546331,1.0,617.238105391,1.08681591922
664,4.013678475,7.12427554107,24.2200480463,1.48914741167,2.36049570426,2.42200480463,0.453763759999,1.1895290051,0.997020471326,3.13542609461,1.0,617.237832074,1.06198905503
665,4.0192732588,7.12100771509,24.2318447952,1.48880410045,2.35941297113,2.42318447952,0.447139042569,1.18898819873,0.997099627506,3.13548781486,1.0,617.23755722,1.03815530426
666,4.02487316946,7.1177246744,24.2437015882,1.48846354171,2.35832519689,2.42437015882,0.44051745567,1.18844487001,0.99717796148,3.13555061311,1.0,617.237280831,1.01518622186
667,4.03047823931,7.11442650735,24.2556181849,1.48812575013,2.35723241081,2.42556181849,0.433899011086,1.18789903348,0.997255459755,3.13561447822,1.0,617.237002912,0.992978066944
668,4.03608850063,7.11111330293,24.2675943429,1.48779074038,2.35613464238,2.42675943429,0.427283720507,1.18735070383,0.997332108989,3.13567939889,1.0,617.236723466,0.971445640419
669,4.0417039857,7.10778515082,24.2796298169,1.48745852707,2.3550319213,2.42796298169,0.420671595526,1.18679989581,0.997407896003,3.13574536369,1.0,617.236442497,0.950517965957
670,4.04732472677,7.10444214131,24.2917243596,1.48712912481,2.35392427752,2.42917243596,0.414062647645,1.18624662433,0.997482807777,3.135812361,1.0,617.236160009,0.930135182365
671,4.05295075609,7.10108436541,24.3038777209,1.48680254812,2.35281174116,2.43038777209,0.407456888269,1.18569090438,0.997556831456,3.13588037905,1.0,617.235876004,0.910246256538
672,4.05858210585,7.09771191476,24.3160896487,1.48647881152,2.35169434259,2.43160896487,0.400854328711,1.18513275107,0.997629954346,3.13594940594,1.0,617.235590489,0.890807266911
673,4.06421880825,7.09432488168,24.3283598879,1.48615792948,2.35057211241,2.43283598879,0.394254980191,1.18457217961,0.997702163923,3.1360194296,1.0,617.235303465,0.871780092673
674,4.06986089543,7.09092335917,24.3406881812,1.48583991642,2.34944508143,2.43406881812,0.387658853835,1.18400920533,0.997773447829,3.13609043783,1.0,617.235014937,0.853131397415
675,4.07550839955,7.0875074409,24.3530742687,1.48552478674,2.34831328068,2.43530742687,0.381065960674,1.18344384369,0.997843793878,3.13616241827,1.0,617.234724909,0.834831830261
676,4.08116135269,7.08407722121,24.365517888,1.48521255478,2.34717674143,2.4365517888,0.37447631165,1.18287611022,0.997913190054,3.13623535842,1.0,617.234433386,0.816855390224
677,4.08681978692,7.08063279513,24.3780187741,1.48490323484,2.34603549515,2.43780187741,0.367889917609,1.18230602061,0.997981624514,3.13630924565,1.0,617.23414037,0.799178914809
678,4.0924837343,7.07717425836,24.3905766595,1.4845968412,2.34488957355,2.43905766595,0.361306789306,1.18173359062,0.998049085592,3.13638406719,1.0,617.233845868,0.781781664446
679,4.09815322682,7.07370170729,24.4031912738,1.48429338808,2.34373900858,2.44031912738,0.354726937403,1.18115883616,0.998115561797,3.13645981013,1.0,617.233549882,0.764644981695
680,4.10382829646,7.07021523901,24.4158623444,1.48399288964,2.34258383241,2.44158623444,0.348150372471,1.18058177323,0.998181041816,3.13653646144,1.0,617.233252417,0.74775200942
681,4.10950897515,7.06671495127,24.4285895958,1.48369536005,2.34142407741,2.44285895958,0.341577104989,1.18000241796,0.998245514516,3.13661400794,1.0,617.232953477,0.73108745594
682,4.11519529479,7.06320094254,24.4413727498,1.48340081338,2.34025977622,2.44413727498,0.335007145342,1.17942078657,0.998308968947,3.13669243634,1.0,617.232653068,0.714637397924
683,4.12088728723,7.05967331196,24.4542115257,1.48310926369,2.33909096169,2.44542115257,0.328440503828,1.17883689543,0.998371394339,3.13677173322,1.0,617.232351193,0.698389113887
684,4.12658498428,7.0561321594,24.4671056398,1.48282072498,2.33791766689,2.44671056398,0.321877190651,1.178250761,0.998432780106,3.13685188504,1.0,617.232047858,0.682330942674
685,4.13228841772,7.05257758538,24.4800548061,1.48253521121,2.33673992515,2.44800548061,0.315317215923,1.17766239986,0.99849311585,3.13693287813,1.0,617.231743066,0.666452162493
686,4.13799761927,7.04900969116,24.4930587354,1.48225273631,2.33555777001,2.44930587354,0.308760589668,1.17707182872,0.998552391357,3.13701469873,1.0,617.231436822,0.650742886973
687,4.14371262061,7.04542857869,24.5061171359,1.48197331414,2.33437123524,2.45061171359,0.302207321817,1.17647906439,0.998610596603,3.13709733294,1.0,617.231129132,0.635193975411
688,4.14943345337,7.04183435062,24.5192297132,1.48169695853,2.33318035487,2.45192297132,0.295657422214,1.1758841238,0.998667721751,3.13718076674,1.0,617.230820001,0.619796954897
689,4.15516014912,7.03822711033,24.5323961697,1.48142368324,2.33198516314,2.45323961697,0.289110900608,1.17528702401,0.998723757158,3.13726498604,1.0,617.230509432,0.60454395246
690,4.16089273939,7.03460696188,24.5456162053,1.48115350202,2.33078569454,2.45456162053,0.282567766663,1.17468778219,0.99877869337,3.13734997661,1.0,617.230197432,0.589427635704
691,4.16663125565,7.03097401006,24.5588895169,1.48088642853,2.32958198378,2.45588895169,0.27602802995,1.17408641562,0.998832521126,3.13743572411,1.0,617.229884005,0.574441160663
692,4.17237572932,7.02732836038,24.5722157985,1.48062247642,2.32837406581,2.45722157985,0.269491699951,1.17348294172,0.998885231361,3.13752221414,1.0,617.229569157,0.559578125827
693,4.17812619176,7.02367011905,24.5855947411,1.48036165927,2.32716197585,2.45855947411,0.26295878606,1.172877378,0.998936815203,3.13760943216,1.0,617.229252893,0.544832531478
694,4.18388267425,7.01999939302,24.5990260331,1.48010399061,2.3259457493,2.45990260331,0.256429297581,1.17226974212,0.998987263977,3.13769736355,1.0,617.228935218,0.530198743591
695,4.18964520804,7.01631628995,24.6125093595,1.47984948392,2.32472542186,2.46125093595,0.249903243729,1.17166005183,0.999036569207,3.13778599359,1.0,617.228616137,0.515671461693
696,4.1954138243,7.01262091822,24.6260444028,1.47959815264,2.32350102942,2.46260444028,0.243380633629,1.17104832503,0.999084722612,3.13787530748,1.0,617.228295657,0.501245690166
697,4.20118855412,7.00891338695,24.6396308421,1.47935001015,2.32227260815,2.46396308421,0.23686147632,1.17043457972,0.999131716113,3.13796529032,1.0,617.227973782,0.486916712525
698,4.20696942855,7.00519380597,24.6532683536,1.47910506977,2.32104019443,2.46532683536,0.230345780751,1.16981883403,0.999177541829,3.13805592714,1.0,617.227650519,0.472680068339
699,4.21275647856,7.00146228587,24.6669566107,1.47886334478,2.31980382491,2.46669566107,0.223833555782,1.16920110621,0.999222192081,3.13814720285,1.0,617.227325873,0.458531532433
700,4.21854973503,6.99771893794,24.6806952835,1.47862484841,2.31856353646,2.46806952835,0.217324810187,1.16858141463,0.999265659392,3.13823910233,1.0,617.226999849,0.444467096114
701,4.22434922879,6.99396387423,24.6944840389,1.47838959381,2.3173193662,2.46944840389,0.21081955265,1.16795977778,0.999307936486,3.13833161034,1.0,617.226672455,0.430482950185
702,4.23015499058,6.99019720751,24.708322541,1.47815759411,2.3160713515,2.4708322541,0.204317791768,1.16733621429,0.999349016294,3.13842471158,1.0,617.226343695,0.416575469523
703,4.23596705106,6.98641905131,24.7222104507,1.47792886237,2.31481952998,2.47222104507,0.19781953605,1.16671074288,0.999388891946,3.13851839068,1.0,617.226013576,0.402741199074
704,4.24178544082,6.98262951988,24.7361474254,1.47770341158,2.31356393948,2.47361474254,0.191324793919,1.16608338242,0.999427556782,3.13861263219,1.0,617.225682104,0.388976841068
705,4.24761019036,6.97882872823,24.7501331199,1.47748125469,2.31230461813,2.47501331199,0.184833573709,1.1654541519,0.999465004343,3.13870742061,1.0,617.225349286,0.375279243358
706,4.25344133009,6.9750167921,24.7641671853,1.47726240458,2.31104160425,2.47641671853,0.178345883666,1.16482307042,0.999501228379,3.13880274036,1.0,617.225015127,0.361645388739
707,4.25927889034,6.971193828,24.7782492697,1.4770468741,2.30977493647,2.47782492697,0.171861731951,1.16419015723,0.999536222847,3.13889857578,1.0,617.224679634,0.348072385152
708,4.26512290135,6.96735995316,24.792379018,1.476834676,2.30850465361,2.4792379018,0.165381126638,1.16355543168,0.999569981908,3.1389949112,1.0,617.224342814,0.334557456681
709,4.27097339327,6.96351528559,24.8065560718,1.47662582299,2.30723079479,2.48065560718,0.158904075711,1.16291891325,0.999602499934,3.13909173084,1.0,617.224004673,0.321097935256
710,4.27683039615,6.95965994404,24.8207800693,1.47642032774,2.30595339934,2.48207800693,0.152430587069,1.16228062156,0.999633771504,3.1391890189,1.0,617.223665218,0.307691253001
711,4.28269393993,6.95579404802,24.8350506454,1.47621820282,2.30467250687,2.48350506454,0.145960668527,1.16164057633,0.999663791406,3.1392867595,1.0,617.223324455,0.294334935157
712,4.28856405449,6.95191771779,24.8493674319,1.47601946077,2.30338815721,2.48493674319,0.139494327809,1.16099879744,0.999692554637,3.13938493674,1.0,617.222982393,0.281026593519
713,4.29444076956,6.94803107438,24.863730057,1.47582411404,2.30210039047,2.4863730057,0.133031572553,1.16035530486,0.999720056404,3.13948353465,1.0,617.222639036,0.267763920342
714,4.3003241148,6.94413423956,24.8781381455,1.47563217504,2.30080924701,2.48781381455,0.126572410314,1.15971011871,0.999746292123,3.13958253722,1.0,617.222294393,0.254544682684
715,4.30621411976,6.9402273359,24.8925913191,1.4754436561,2.29951476741,2.48925913191,0.120116848557,1.15906325924,0.99977125742,3.13968192841,1.0,617.221948471,0.241366717106
716,4.31211081386,6.93631048669,24.9070891957,1.47525856951,2.29821699255,2.49070891957,0.113664894661,1.15841474681,0.999794948133,3.13978169213,1.0,617.221601277,0.228227924749
717,4.31801422643,6.93238381602,24.92163139,1.47507692745,2.29691596353,2.492163139,0.10721655592,1.15776460192,0.99981736031,3.13988181225,1.0,617.221252819,0.215126266699
718,4.32392438668,6.92844744874,24.9362175131,1.47489874207,2.29561172172,2.49362175131,0.100771839541,1.15711284519,0.99983849021,3.13998227261,1.0,617.220903103,0.202059759657
719,4.32984132369,6.92450151045,24.9508471727,1.47472402545,2.29430430873,2.49508471727,0.0943307526441,1.15645949737,0.999858334302,3.14008305703,1.0,617.220552138,0.189026471854
720,4.33576506645,6.92054612755,24.9655199729,1.47455278957,2.29299376645,2.49655199729,0.0878933022632,1.15580457934,0.999876889267,3.14018414927,1.0,617.220199931,0.176024519207
721,4.3416956438,6.91658142718,24.9802355144,1.47438504638,2.291680137,2.49802355144,0.0814594953462,1.15514811211,0.999894151999,3.1402855331,1.0,617.219846489,0.163052061685
722,4.34763308447,6.91260753729,24.9949933942,1.47422080774,2.29036346277,2.49949933942,0.0750293387544,1.15449011682,0.999910119601,3.14038719224,1.0,617.219491822,0.150107299866
723,4.35357741705,6.90862458657,25.0097932057,1.47406008544,2.28904378641,2.50097932057,0.0686028392624,1.15383061474,0.999924789389,3.1404891104,1.0,617.219135936,0.137188471673
724,4.35952867002,6.90463270451,25.0246345389,1.47390289119,2.28772115081,2.50246345389,0.0621800035591,1.15316962725,0.99993815889,3.14059127126,1.0,617.21877884,0.12429384926
725,4.36548687171,6.90063202137,25.03951698,1.47374923665,2.28639559914,2.503951698,0.055760838246,1.15250717589,0.999950225842,3.14069365851,1.0,617.218420542,0.111421736042
726,4.37145205032,6.89662266818,25.0544401115,1.47359913339,2.28506717481,2.50544401115,0.0493453498387,1.15184328231,0.999960988195,3.1407962558,1.0,617.21806105,0.0985704638565
727,4.37742423392,6.89260477677,25.0694035124,1.4734525929,2.28373592149,2.50694035124,0.0429335447658,1.15117796829,0.999970444111,3.14089904676,1.0,617.217700373,0.0857383902349
728,4.38340345043,6.88857847972,25.084406758,1.4733096266,2.28240188313,2.5084406758,0.0365254293689,1.15051125575,0.999978591961,3.14100201505,1.0,617.217338519,0.0729238957731
729,4.38938972763,6.88454391043,25.0994494197,1.47317024584,2.28106510392,2.50994494197,0.0301210099038,1.14984316674,0.999985430331,3.14110514429,1.0,617.216975497,0.0601253816002
730,4.39538309314,6.88050120305,25.1145310654,1.47303446189,2.2797256283,2.51145310654,0.023720292538,1.14917372342,0.999990958013,3.14120841811,1.0,617.216611315,0.0473412669157
731,4.40138357445,6.87645049252,25.1296512591,1.47290228593,2.27838350099,2.51296512591,0.0173232833528,1.14850294811,0.999995174013,3.14131182013,1.0,617.216245983,0.034569986605
732,4.40739119889,6.87239191459,25.1448095611,1.47277372908,2.27703876696,2.51448095611,0.0109299883421,1.14783086323,0.999998077546,3.14141533399,1.0,617.215879509,0.0218099889141
733,4.41340599364,6.86832560577,25.1600055278,1.47264880235,2.27569147144,2.51600055278,0.00454041341263,1.14715749137,0.999999668039,3.1415189433,1.0,617.215511902,0.00905973315907
734,4.41942798572,6.86425170335,25.1752387119,1.4725275167,2.27434165993,2.51752387119,-0.00184543561674,1.14648285521,0.999999945127,3.14162263172,1.0,617.215143172,0.00368231250198
735,4.42545720197,6.86017034543,25.1905086622,1.47240988298,2.27298937818,2.51905086622,-0.00822755301528,1.14580697759,0.999998908653,3.14172638287,1.0,617.214773327,0.0164176732627
736,4.43149366909,6.85608167089,25.2058149237,1.47229591198,2.2716346722,2.52058149237,-0.0146059331381,1.14512988147,0.999996558674,3.14183018043,1.0,617.214402378,0.0291478698886
737,4.4375374136,6.85198581938,25.2211570376,1.47218561439,2.27027758827,2.52211570376,-0.0209805704309,1.14445158993,0.99999289545,3.14193400805,1.0,617.214030334,0.0418744208434
738,4.44358846187,6.84788293137,25.2365345408,1.47207900081,2.26891817292,2.52365345408,-0.0273514594257,1.14377212621,0.999987919453,3.14203784942,1.0,617.213657204,0.0545988444656
739,4.44964684007,6.84377314808,25.2519469669,1.47197608177,2.26755647295,2.52519469669,-0.0337185947452,1.14309151366,0.999981631362,3.14214168825,1.0,617.213282999,0.0673226611249
740,4.4557125742,6.83965661154,25.267393845,1.4718768677,2.26619253542,2.5267393845,-0.0400819710984,1.14240977576,0.999974032062,3.14224550825,1.0,617.212907727,0.0800473953862
741,4.46178569009,6.83553346458,25.2828747006,1.47178136894,2.26482640765,2.52828747006,-0.0464415832846,1.14172693613,0.999965122646,3.14234929318,1.0,617.212531399,0.0927745781974
742,4.4678662134,6.8314038508,25.2983890552,1.47168959573,2.26345813722,2.52983890552,-0.0527974261926,1.14104301852,0.999954904413,3.14245302681,1.0,617.212154026,0.105505749097
743,4.47395416956,6.8272679146,25.313936426,1.47160155825,2.26208777197,2.5313936426,-0.0591494948,1.14035804682,0.999943378867,3.14255669293,1.0,617.211775617,0.118242458453
744,4.48004958386,6.82312580115,25.3295163266,1.47151726656,2.26071536001,2.53295163266,-0.065497784176,1.13967204503,0.999930547718,3.14266027537,1.0,617.211396183,0.130986269755
745,4.48615248136,6.81897765644,25.3451282664,1.47143673063,2.25934094969,2.53451282664,-0.071842289477,1.13898503729,0.999916412879,3.14276375801,1.0,617.211015734,0.143738761938
746,4.49226288696,6.81482362721,25.3607717506,1.47135996034,2.25796458966,2.53607717506,-0.0781830059514,1.1382970479,0.999900976467,3.14286712472,1.0,617.210634281,0.156501531785
747,4.49838082533,6.81066386103,25.3764462807,1.47128696546,2.25658632879,2.53764462807,-0.0845199289414,1.13760810124,0.999884240802,3.14297035946,1.0,617.210251835,0.169276196402
748,4.50450632097,6.80649850622,25.3921513537,1.4712177557,2.25520621624,2.53921513537,-0.0908530538739,1.13691822187,0.999866208407,3.14307344619,1.0,617.209868406,0.18206439574
749,4.51063939813,6.8023277119,25.4078864627,1.47115234062,2.2538243014,2.54078864627,-0.097182376275,1.13622743444,0.999846882006,3.14317636892,1.0,617.209484006,0.194867795267
750,4.5167800809,6.798151628,25.4236510969,1.47109072972,2.25244063396,2.54236510969,-0.095903302403,1.13553576376,0.999850781365,3.14315675609,1.0,617.209098646,0.192280063644
751,4.52292839313,6.7939704052,25.439444741,1.47103293237,2.25105526385,2.5439444741,-0.0896971928303,1.13484323477,0.999869338866,3.14305755671,1.0,617.208712336,0.179732702462
752,4.52908435846,6.78978419498,25.4552668757,1.47097895786,2.24966824124,2.54552668757,-0.083487252988,1.13414987253,0.999886694451,3.1429579503,1.0,617.208325089,0.167198951295
753,4.53524800033,6.7855931496,25.4711169777,1.47092881537,2.2482796166,2.54711169777,-0.0772734686356,1.13345570222,0.999902840991,3.14285795061,1.0,617.207936916,0.154677212316
754,4.54141934192,6.78139742213,25.4869945193,1.47088251397,2.24688944063,2.54869945193,-0.07105582564,1.13276074918,0.999917771503,3.14275757152,1.0,617.207547828,0.14216591067
755,4.54759840622,6.77719716637,25.5028989687,1.47084006262,2.2454977643,2.55028989687,-0.0648343099906,1.13206503886,0.999931479154,3.14265682704,1.0,617.207157837,0.129663492104
756,4.55378521598,6.77299253695,25.5188297899,1.47080147018,2.24410463883,2.55188297899,-0.0586089077955,1.13136859685,0.999943957258,3.1425557313,1.0,617.206766956,0.117168420625
757,4.55997979371,6.76878368924,25.5347864427,1.47076674541,2.24271011572,2.55347864427,-0.0523796052854,1.13067144885,0.999955199284,3.14245429856,1.0,617.206375196,0.104679176252
758,4.56618232598,6.76457066786,25.5507688059,1.47073589616,2.24131420973,2.55507688059,-0.0461462237777,1.12997360225,0.999965199105,3.14235254051,1.0,617.205982559,0.0921939224012
759,4.57239273403,6.76035369829,25.5667760714,1.4707089317,2.23991699559,2.55667760714,-0.0399088512648,1.12927509436,0.999973950269,3.14225047328,1.0,617.205589063,0.0797113684419
760,4.57861089763,6.75613303469,25.5828073201,1.47068586103,2.2385185575,2.55828073201,-0.033667616988,1.12857596727,0.999981446521,3.14214811386,1.0,617.205194731,0.0672303147355
761,4.58483683815,6.75190883565,25.5988619941,1.47066669231,2.23711894801,2.55988619941,-0.0274225077497,1.12787624722,0.99998768201,3.14204547698,1.0,617.204799575,0.054749283572
762,4.59107057671,6.74768126048,25.6149395312,1.47065143357,2.2357182199,2.56149395312,-0.0211735104536,1.12717596059,0.999992651052,3.14194257754,1.0,617.204403607,0.0422668027684
763,4.59731213421,6.74345046923,25.6310393651,1.47064009273,2.2343164262,2.56310393651,-0.0149206121097,1.12647513387,0.999996348127,3.14183943052,1.0,617.204006841,0.0297814036542
764,4.60356153134,6.73921662269,25.6471609255,1.47063267759,2.23291362019,2.56471609255,-0.00866379983385,1.12577379368,0.999998767885,3.14173605103,1.0,617.203609289,0.0172916190711
765,4.60981878856,6.73497988237,25.6633036378,1.47062919582,2.23150985538,2.56633036378,-0.00240306085005,1.12507196676,0.999999905148,3.14163245429,1.0,617.203210965,0.00479598136853
766,4.616083926,6.73074041057,25.6794669228,1.47062965499,2.23010518555,2.56794669228,0.00386161741921,1.12436967998,0.999999754911,3.14152865564,1.0,617.202811882,0.00770697939917
767,4.62235696327,6.72649837053,25.6956501966,1.47063406253,2.22869966477,2.56956501966,0.0101302471462,1.12366696037,0.999998312344,3.14142467052,1.0,617.202412053,0.0202187370995
768,4.62863791993,6.72225392604,25.7118528715,1.47064242575,2.22729334733,2.57118528715,0.0164028405915,1.12296383504,0.999995572795,3.1413205145,1.0,617.202011492,0.0327407725045
769,4.63492681535,6.71800724162,25.7280743557,1.47065475184,2.22588628773,2.57280743557,0.0226794099235,1.12226033124,0.999991531793,3.14121620323,1.0,617.201610214,0.0452745749901
770,4.64122366862,6.71375848251,25.744314053,1.47067104784,2.22447854071,2.5744314053,0.0289599671912,1.12155647633,0.999986185049,3.14111175248,1.0,617.201208231,0.0578216445602
771,4.64752849861,6.70950781464,25.7605713633,1.47069132069,2.22307016127,2.57605713633,0.0352445243214,1.12085229779,0.999979528459,3.14100717814,1.0,617.200805557,0.0703834939581
772,4.65384132391,6.70525540468,25.776845682,1.4707155772,2.22166120462,2.5776845682,0.041533093118,1.12014782322,0.999971558104,3.14090249617,1.0,617.200402208,0.0829616508271
773,4.66016216287,6.70100141998,25.7931364003,1.47074382402,2.2202517262,2.57931364003,0.047825685258,1.11944308034,0.999962270256,3.14079772267,1.0,617.199998196,0.0955576599229
774,4.66649103358,6.69674602862,25.8094429051,1.4707760677,2.21884178172,2.58094429051,0.0541223122915,1.11873809697,0.999951661377,3.14069287379,1.0,617.199593537,0.108173085394
775,4.67282795386,6.69248939935,25.8257645793,1.47081231463,2.21743142707,2.58257645793,0.0604229856378,1.11803290108,0.999939728122,3.14058796583,1.0,617.199188246,0.120809513131
776,4.67917294126,6.68823170165,25.8421008013,1.47085257108,2.21602071843,2.58421008013,0.0667277165841,1.11732752072,0.999926467341,3.14048301516,1.0,617.198782336,0.1334685532
777,4.68552601307,6.68397310567,25.8584509454,1.47089684319,2.21460971215,2.58584509454,0.0730365162832,1.1166219841,0.999911876084,3.14037803823,1.0,617.198375823,0.146151842368
778,4.69188718629,6.67971378226,25.8748143814,1.47094513695,2.21319846485,2.58748143814,0.0793493957509,1.1159163195,0.999895951596,3.14027305162,1.0,617.197968722,0.158861046733
779,4.69825647766,6.67545390295,25.8911904752,1.47099745821,2.21178703337,2.58911904752,0.0856663658647,1.11521055535,0.999878691329,3.14016807197,1.0,617.197561048,0.171597864472
780,4.70463390362,6.67119363996,25.9075785881,1.47105381267,2.21037547476,2.59075785881,0.0919874373607,1.11450472017,0.999860092936,3.14006311601,1.0,617.197152816,0.184364028715
781,4.71101948034,6.66693316618,25.9239780773,1.47111420592,2.20896384631,2.59239780773,0.0983126208315,1.1137988426,0.999840154275,3.13995820058,1.0,617.196744042,0.197161310558
782,4.7174132237,6.66267265517,25.9403882958,1.47117864338,2.20755220553,2.59403882958,0.104641926724,1.1130929514,0.999818873414,3.13985334258,1.0,617.196334742,0.209991522243
783,4.72381514926,6.65841228117,25.9568085921,1.47124713033,2.20614061014,2.59568085921,0.110975365339,1.11238707544,0.99979624863,3.139748559,1.0,617.19592493,0.222856520507
784,4.73022527232,6.65415221907,25.9732383107,1.4713196719,2.20472911809,2.59732383107,0.117312946825,1.1116812437,0.999772278413,3.13964386691,1.0,617.195514624,0.235758210117
785,4.73664360786,6.64989264443,25.9896767918,1.47139627309,2.20331778756,2.59896767918,0.123654681179,1.11097548526,0.999746961466,3.13953928347,1.0,617.195103838,0.248698547626
786,4.74307017055,6.64563373346,26.0061233711,1.47147693872,2.20190667692,2.60061233711,0.130000578243,1.11026982933,0.999720296709,3.13943482589,1.0,617.19469259,0.261679545356
787,4.74950497478,6.64137566302,26.0225773804,1.47156167349,2.20049584477,2.60225773804,0.136350647704,1.10956430521,0.999692283279,3.13933051148,1.0,617.194280896,0.274703275639
788,4.7559480346,6.6371186106,26.039038147,1.47165048193,2.19908534992,2.6039038147,0.142704899087,1.10885894232,0.999662920535,3.13922635761,1.0,617.193868771,0.287771875338
789,4.76239936376,6.63286275436,26.055504994,1.47174336841,2.19767525141,2.6055504994,0.149063341758,1.10815377017,0.999632208057,3.13912238171,1.0,617.193456233,0.300887550683
790,4.76885897568,6.62860827307,26.0719772404,1.47184033717,2.19626560846,2.60719772404,0.155425984915,1.10744881841,0.999600145648,3.1390186013,1.0,617.193043299,0.314052582439
791,4.77532688346,6.62435534614,26.0884542007,1.47194139227,2.19485648051,2.60884542007,0.161792837596,1.10674411676,0.999566733338,3.13891503393,1.0,617.192629985,0.32726933148
792,4.78180309988,6.62010415358,26.1049351855,1.47204653762,2.19344792722,2.61049351855,0.168163908666,1.10603969506,0.999531971386,3.13881169725,1.0,617.192216309,0.340540244738
793,4.78828763739,6.61585487604,26.1214195009,1.47215577698,2.19204000844,2.61214195009,0.17453920682,1.10533558325,0.999495860278,3.13870860893,1.0,617.191802288,0.353867861649
794,4.79478050808,6.61160769478,26.1379064491,1.47226911391,2.19063278422,2.61379064491,0.180918740581,1.10463181138,0.999458400733,3.13860578674,1.0,617.191387939,0.367254821097
795,4.80128172375,6.60736279165,26.1543953276,1.47238655186,2.18922631482,2.61543953276,0.187302518294,1.10392840959,0.999419593703,3.13850324846,1.0,617.190973279,0.38070386892
796,4.8077912958,6.60312034912,26.1708854303,1.47250809408,2.18782066068,2.61708854303,0.193690548128,1.10322540814,0.999379440376,3.13840101196,1.0,617.190558327,0.394217866055
797,4.81430923533,6.59888055023,26.1873760465,1.47263374367,2.18641588247,2.61873760465,0.20008283807,1.10252283736,0.999337942175,3.13829909512,1.0,617.1901431,0.407799797368
798,4.82083555306,6.59464357861,26.2038664616,1.47276350355,2.18501204102,2.62038664616,0.206479395926,1.1018207277,0.999295100763,3.1381975159,1.0,617.189727616,0.421452781277
799,4.82737025938,6.59040961848,26.2203559566,1.47289737647,2.18360919738,2.62203559566,0.212880229316,1.1011191097,0.999250918044,3.13809629229,1.0,617.189311894,0.435180080226
800,4.8339133643,6.58617885463,26.2368438085,1.47303536504,2.18220741276,2.62368438085,0.219285345671,1.10041801399,0.999205396162,3.13799544231,1.0,617.188895952,0.448985112139
801,4.84046487747,6.58195147241,26.2533292901,1.47317747165,2.18080674858,2.62533292901,0.225694752233,1.09971747132,0.999158537506,3.13789498403,1.0,617.188479807,0.462871462956
802,4.84702480819,6.57772765772,26.2698116703,1.47332369855,2.17940726643,2.62698116703,0.232108456053,1.09901751251,0.999110344709,3.13779493555,1.0,617.188063479,0.476842900381
803,4.85359316538,6.57350759703,26.2862902137,1.47347404781,2.17800902811,2.62862902137,0.238526463985,1.09831816847,0.999060820652,3.13769531501,1.0,617.187646987,0.490903389009
804,4.86016995759,6.56929147735,26.3027641807,1.47362852131,2.17661209556,2.63027641807,0.244948782687,1.09761947022,0.999009968464,3.13759614056,1.0,617.187230349,0.505057106985
805,4.86675519297,6.56507948621,26.319232828,1.47378712076,2.17521653093,2.6319232828,0.251375418615,1.09692144885,0.998957791524,3.13749743039,1.0,617.186813584,0.519308464414
806,4.87334887931,6.56087181169,26.3356954079,1.47394984769,2.17382239653,2.63356954079,0.257806378026,1.09622413556,0.998904293462,3.13739920271,1.0,617.186396712,0.533662123741
807,4.87995102402,6.55666864238,26.352151169,1.47411670346,2.17242975485,2.6352151169,0.26424166697,1.09552756163,0.99884947816,3.13730147575,1.0,617.185979752,0.548123022382
808,4.88656163409,6.55247016738,26.3685993556,1.47428768921,2.17103866853,2.63685993556,0.27068129129,1.0948317584,0.998793349756,3.13720426774,1.0,617.185562723,0.562696397903
809,4.89318071615,6.54827657629,26.3850392082,1.47446280594,2.16964920042,2.63850392082,0.277125256621,1.09413675735,0.998735912643,3.13710759694,1.0,617.185145645,0.577387816133
810,4.89980827641,6.54408805923,26.4014699633,1.47464205444,2.16826141348,2.64014699633,0.283573568385,1.09344258998,0.998677171469,3.13701148162,1.0,617.184728538,0.592203202617
811,4.90644432068,6.53990480679,26.4178908534,1.4748254353,2.16687537088,2.64178908534,0.290026231789,1.09274928793,0.998617131142,3.13691594004,1.0,617.184311421,0.607148877937
812,4.91308885437,6.53572701003,26.4343011073,1.47501294895,2.16549113592,2.64343011073,0.296483251823,1.09205688288,0.998555796829,3.13682099049,1.0,617.183894316,0.622231597475
813,4.91974188246,6.53155486051,26.4506999496,1.47520459561,2.16410877206,2.64506999496,0.30294463326,1.09136540661,0.998493173957,3.13672665122,1.0,617.183477241,0.637458596344
814,4.92640340955,6.52738855023,26.4670866012,1.47540037531,2.16272834293,2.64670866012,0.309410380647,1.09067489096,0.998429268215,3.13663294051,1.0,617.183060218,0.652837640324
815,4.93307343979,6.52322827164,26.4834602793,1.47560028789,2.16134991229,2.64834602793,0.31588049831,1.08998536787,0.998364085555,3.13653987661,1.0,617.182643267,0.668377083819
816,4.93975197693,6.51907421764,26.499820197,1.47580433299,2.15997354405,2.6499820197,0.322354990344,1.08929686935,0.998297632192,3.13644747778,1.0,617.182226408,0.684085936043
817,4.94643902427,6.51492658158,26.516165564,1.47601251006,2.15859930227,2.6516165564,0.328833860624,1.08860942746,0.998229914607,3.13635576224,1.0,617.181809663,0.69997393697
818,4.9531345847,6.51078555721,26.5324955859,1.47622481832,2.15722725115,2.65324955859,0.335317112785,1.08792307435,0.998160939545,3.13626474822,1.0,617.181393052,0.716051644734
819,4.95983866066,6.50665133871,26.5488094647,1.47644125684,2.15585745503,2.65488094647,0.341804750228,1.08723784224,0.99809071402,3.13617445389,1.0,617.180976596,0.732330536835
820,4.96655125417,6.50252412064,26.5651063989,1.47666182446,2.15448997837,2.65651063989,0.348296776122,1.08655376342,0.998019245311,3.13608489742,1.0,617.180560317,0.748823127784
821,4.97327236678,6.498404098,26.5813855832,1.4768865198,2.15312488579,2.65813855832,0.354793193392,1.08587087023,0.997946540967,3.13599609695,1.0,617.180144237,0.765543106623
822,4.98000199962,6.49429146614,26.5976462086,1.4771153413,2.151762242,2.65976462086,0.361294004726,1.08518919511,0.997872608805,3.13590807058,1.0,617.179728376,0.782505498563
823,4.98674015334,6.49018642079,26.6138874626,1.47734828719,2.15040211186,2.66138874626,0.367799212565,1.08450877052,0.997797456914,3.13582083637,1.0,617.179312756,0.799726856127
824,4.99348682818,6.48608915805,26.6301085294,1.47758535548,2.14904456034,2.66301085294,0.374308819105,1.08382962901,0.997721093649,3.13573441234,1.0,617.178897399,0.817225486648
825,5.00024202386,6.48199987436,26.6463085894,1.47782654398,2.14768965253,2.66463085894,0.380822826292,1.08315180319,0.997643527641,3.13564881646,1.0,617.178482327,0.835021724921
826,5.0070057397,6.47791876653,26.6624868196,1.47807185029,2.14633745364,2.66624868195,0.387341235822,1.08247532571,0.997564767788,3.13556406667,1.0,617.178067563,0.85313826248
827,5.01377797451,6.47384603167,26.6786423936,1.47832127178,2.14498802898,2.66786423936,0.393864049138,1.08180022929,0.997484823263,3.13548018082,1.0,617.177653127,0.871600548532
828,5.02055872664,6.46978186723,26.6947744817,1.47857480562,2.14364144396,2.66947744817,0.400391267424,1.0811265467,0.997403703509,3.13539717675,1.0,617.177239044,0.890437282554
829,5.02734799397,6.46572647096,26.7108822508,1.47883244877,2.14229776411,2.67108822508,0.406922891609,1.08045431076,0.997321418244,3.13531507218,1.0,617.176825334,0.909681025514
830,5.0341457739,6.46168004091,26.7269648646,1.47909419795,2.14095705506,2.67269648646,0.41345892236,1.07978355435,0.997237977456,3.13523388482,1.0,617.176412022,0.929368966556
831,5.04095206334,6.45764277541,26.7430214834,1.47936004967,2.13961938251,2.67430214833,0.419999360078,1.07911431039,0.997153391409,3.13515363228,1.0,617.175999129,0.949543896322
832,5.04776685873,6.45361487306,26.7590512643,1.47963000024,2.13828481226,2.67590512643,0.426544204904,1.07844661184,0.997067670638,3.13507433209,1.0,617.175586678,0.970255459247
833,5.05459015601,6.44959653275,26.7750533615,1.47990404572,2.13695341021,2.67750533615,0.433093456706,1.07778049173,0.996980825951,3.13499600172,1.0,617.175174694,0.991561789116
834,5.06142195062,6.44558795358,26.7910269259,1.48018218195,2.13562524234,2.67910269259,0.439647115083,1.0771159831,0.996892868433,3.13491865854,1.0,617.174763197,1.01353168159
835,5.06826223751,6.44158933491,26.8069711053,1.48046440455,2.13430037469,2.68069711053,0.446205179365,1.07645311905,0.996803809437,3.13484231985,1.0,617.174352213,1.03624753597
836,5.07511101111,6.43760087632,26.8228850447,1.48075070892,2.1329788734,2.68228850447,0.452767648601,1.07579193272,0.996713660593,3.13476700284,1.0,617.173941764,1.05980942748
837,5.08196826539,6.4336227776,26.8387678859,1.48104109023,2.13166080465,2.68387678859,0.459334521567,1.07513245728,0.996622433801,3.13469272462,1.0,617.173531874,1.08434089034
838,5.08883399375,6.42965523873,26.8546187681,1.4813355434,2.13034623472,2.68546187681,0.465905796759,1.07447472592,0.996530141236,3.13461950218,1.0,617.173122567,1.10999738089
839,5.09570818912,6.42569845989,26.8704368274,1.48163406314,2.12903522992,2.68704368274,0.47248147239,1.0738187719,0.996436795344,3.13454735243,1.0,617.172713866,1.13697911356
840,5.1025908439,6.42175264142,26.8862211974,1.48193664392,2.12772785663,2.68862211974,0.47906154639,1.07316462847,0.996342408842,3.13447629214,1.0,617.172305795,1.16555139266
841,5.10948194998,6.41781798383,26.9019710086,1.48224327999,2.12642418129,2.69019710086,0.4856460164,1.07251232892,0.996246994721,3.13440633798,1.0,617.171898379,1.19607859792
842,5.11638149869,6.41389468777,26.9176853891,1.48255396532,2.12512427039,2.69176853891,0.492234879777,1.07186190658,0.996150566239,3.13433750652,1.0,617.171491641,1.22908503218
843,5.12328948088,6.40998295402,26.9333634644,1.4828686937,2.12382819043,2.69333634644,0.498828133585,1.07121339479,0.996053136926,3.13426981418,1.0,617.171085606,1.26537425307
844,5.13020588683,6.40608298347,26.9490043575,1.48318745865,2.122536008,2.69490043575,0.505425774592,1.07056682691,0.995954720582,3.13420327726,1.0,617.170680298,1.30629494449
845,5.13713070632,6.40219497712,26.9646071886,1.48351025345,2.12124778968,2.69646071886,0.512027799277,1.06992223632,0.995855331274,3.13413791192,1.0,617.170275741,1.35446061916
846,5.14406392855,6.39831913607,26.9801710759,1.48383707115,2.11996360211,2.69801710759,0.518634203817,1.06927965642,0.995754983336,3.13407373419,1.0,617.169871961,1.41651527668
847,5.15100554222,6.39445566148,26.9956951349,1.48416790454,2.11868351193,2.69956951349,0.525244984091,1.06863912061,0.995653691372,3.13401075997,1.0,617.169468982,1.53973133733
848,5.15795553545,6.39060475458,27.0111784792,1.48450274618,2.11740758581,2.70111784792,0.531860135677,1.06800066233,0.995551470247,3.13394900499,0.0,0.0,0.0
849,5.16491389584,6.38676661663,27.0266202197,1.4848415884,2.11613589046,2.70266202197,0.538479653849,1.06736431498,0.995448335092,3.13388848485,0.0,0.0,0.0
850,5.17188061041,6.38294144893,27.0420194656,1.48518442324,2.11486849255,2.70420194656,0.545103533576,1.06673011203,0.995344301304,3.13382921496,0.0,0.0,0.0
851,5.17885566565,6.3791294528,27.0573753238,1.48553124254,2.1136054588,2.70573753238,0.551731769518,1.06609808689,0.995239384537,3.13377121061,0.0,0.0,0.0
852,5.18583904746,6.37533082956,27.0726868993,1.48588203785,2.1123468559,2.70726868993,0.558364356021,1.06546827302,0.995133600709,3.1337144869,0.0,0.0,0.0
853,5.19283074123,6.3715457805,27.087953295,1.4862368005,2.11109275056,2.7087953295,0.565001287135,1.06484070385,0.995026965994,3.13365905876,0.0,0.0,0.0
854,5.19983073173,6.3677745069,27.1031736121,1.48659552156,2.10984320946,2.71031736121,0.571642556581,1.06421541281,0.994919496827,3.13360494095,0.0,0.0,0.0
855,5.20683900319,6.36401720996,27.11834695,1.48695819183,2.10859829926,2.711834695,0.578288157769,1.06359243334,0.994811209894,3.13355214804,0.0,0.0,0.0
856,5.21385553926,6.36027409086,27.1334724063,1.48732480187,2.10735808662,2.71334724063,0.584938083792,1.06297179885,0.994702122138,3.13350069443,0.0,0.0,0.0
857,5.22088032302,6.35654535067,27.1485490772,1.487695342,2.10612263817,2.71485490772,0.591592327424,1.06235354274,0.994592250754,3.13345059432,0.0,0.0,0.0
858,5.22791333697,6.35283119038,27.1635760572,1.48806980226,2.1048920205,2.71635760572,0.598250881118,1.06173769842,0.994481613186,3.13340186171,0.0,0.0,0.0
859,5.23495456303,6.34913181086,27.1785524392,1.48844817244,2.10366630016,2.71785524392,0.604913737002,1.06112429925,0.994370227125,3.13335451042,0.0,0.0,0.0
860,5.24200398254,6.34544741285,27.193477315,1.48883044207,2.10244554366,2.7193477315,0.611580886883,1.06051337859,0.994258110511,3.13330855403,0.0,0.0,0.0
861,5.24906157625,6.34177819697,27.2083497749,1.48921660042,2.10122981748,2.72083497749,0.618252322238,1.05990496976,0.994145281524,3.13326400594,0.0,0.0,0.0
862,5.25612732432,6.33812436364,27.2231689081,1.48960663651,2.10001918802,2.72231689081,0.624928034217,1.05929910608,0.994031758588,3.13322087933,0.0,0.0,0.0
863,5.26320120632,6.33448611313,27.2379338026,1.49000053909,2.09881372163,2.72379338026,0.631608013642,1.05869582082,0.993917560365,3.13317918715,0.0,0.0,0.0
864,5.27028320123,6.3308636455,27.2526435454,1.49039829664,2.09761348461,2.72526435454,0.638292251001,1.05809514722,0.993802705753,3.13313894213,0.0,0.0,0.0
865,5.27737328742,6.32725716061,27.2672972226,1.49079989738,2.09641854317,2.72672972226,0.644980736451,1.0574971185,0.993687213885,3.13310015679,0.0,0.0,0.0
866,5.28447144268,6.32366685809,27.2818939194,1.49120532928,2.09522896345,2.72818939194,0.651673459813,1.05690176782,0.993571104123,3.13306284337,0.0,0.0,0.0
867,5.29157764419,6.32009293729,27.2964327202,1.49161458003,2.09404481152,2.72964327202,0.658370410571,1.05630912833,0.99345439606,3.13302701392,0.0,0.0,0.0
868,5.29869186852,6.31653559734,27.3109127087,1.49202763705,2.09286615334,2.73109127087,0.665071577875,1.0557192331,0.993337109512,3.13299268022,0.0,0.0,0.0
869,5.30581409163,6.31299503706,27.3253329681,1.49244448751,2.09169305478,2.73253329681,0.671776950531,1.05513211519,0.993219264519,3.13295985381,0.0,0.0,0.0
870,5.31294428889,6.30947145497,27.3396925811,1.49286511829,2.09052558164,2.73396925811,0.67848651701,1.05454780759,0.993100881339,3.13292854596,0.0,0.0,0.0
871,5.32008243504,6.30596504928,27.35399063,1.49328951601,2.08936379957,2.735399063,0.685200265437,1.05396634323,0.992981980448,3.1328987677,0.0,0.0,0.0
872,5.32722850422,6.30247601786,27.3682261967,1.49371766704,2.08820777415,2.73682261967,0.691918183595,1.05338775502,0.992862582533,3.1328705298,0.0,0.0,0.0
873,5.33438246995,6.29900455821,27.3823983632,1.49414955744,2.0870575708,2.73823983632,0.698640258923,1.05281207577,0.992742708491,3.13284384274,0.0,0.0,0.0
874,5.34154430513,6.29555086748,27.396506211,1.49458517303,2.08591325485,2.7396506211,0.705366478515,1.05223933825,0.992622379427,3.13281871675,0.0,0.0,0.0
875,5.34871398205,6.2921151424,27.410548822,1.49502449934,2.08477489149,2.7410548822,0.712096829117,1.05166957516,0.992501616644,3.13279516176,0.0,0.0,0.0
876,5.35589147237,6.28869757931,27.424525278,1.49546752165,2.08364254576,2.7424525278,0.718831297127,1.05110281915,0.992380441649,3.13277318745,0.0,0.0,0.0
877,5.36307674713,6.2852983741,27.4384346609,1.49591422494,2.08251628257,2.74384346609,0.725569868595,1.05053910277,0.992258876139,3.13275280319,0.0,0.0,0.0
878,5.37026977674,6.28191772223,27.4522760532,1.49636459393,2.08139616669,2.74522760532,0.73231252922,1.04997845851,0.992136942006,3.13273401806,0.0,0.0,0.0
879,5.37747053101,6.27855581868,27.4660485377,1.49681861307,2.08028226271,2.74660485377,0.739059264351,1.0494209188,0.992014661327,3.13271684084,0.0,0.0,0.0
880,5.38467897909,6.27521285793,27.4797511977,1.49727626652,2.07917463507,2.74797511977,0.745810058983,1.04886651595,0.991892056363,3.13270128002,0.0,0.0,0.0
881,5.39189508953,6.27188903399,27.4933831172,1.49773753817,2.07807334806,2.74933831172,0.752564897761,1.04831528223,0.991769149554,3.1326873438,0.0,0.0,0.0
882,5.39911883022,6.26858454029,27.5069433808,1.49820241165,2.07697846576,2.75069433808,0.759323764974,1.04776724979,0.991645963512,3.13267504003,0.0,0.0,0.0
883,5.40635016844,6.26529956975,27.5204310741,1.4986708703,2.0758900521,2.75204310741,0.766086644556,1.0472224507,0.991522521023,3.13266437628,0.0,0.0,0.0
884,5.41358907084,6.26203431473,27.5338452837,1.49914289717,2.07480817081,2.75338452837,0.772853520088,1.04668091695,0.991398845037,3.1326553598,0.0,0.0,0.0
885,5.42083550344,6.25878896697,27.5471850973,1.49961847505,2.07373288541,2.75471850973,0.779624374794,1.04614268041,0.991274958666,3.13264799749,0.0,0.0,0.0
886,5.42808943159,6.25556371762,27.5604496035,1.50009758646,2.07266425926,2.75604496035,0.78639919154,1.04560777288,0.991150885176,3.13264229596,0.0,0.0,0.0
887,5.43535082006,6.25235875723,27.5736378927,1.50058021363,2.07160235546,2.75736378927,0.793177952837,1.04507622602,0.991026647989,3.13263826146,0.0,0.0,0.0
888,5.44261963294,6.24917427565,27.5867490562,1.50106633851,2.07054723694,2.75867490562,0.799960640837,1.04454807142,0.99090227067,3.13263589993,0.0,0.0,0.0
889,5.4498958337,6.24601046212,27.5997821873,1.50155594278,2.06949896639,2.75997821873,0.806747237335,1.04402334053,0.990777776929,3.13263521695,0.0,0.0,0.0
890,5.45717938519,6.24286750516,27.6127363807,1.50204900783,2.06845760628,2.76127363807,0.813537723766,1.0435020647,0.990653190611,3.13263621777,0.0,0.0,0.0
891,5.46447024959,6.23974559259,27.6256107329,1.50254551479,2.06742321883,2.76256107329,0.820332081207,1.04298427517,0.990528535695,3.13263890728,0.0,0.0,0.0
892,5.47176838847,6.23664491151,27.6384043424,1.5030454445,2.06639586604,2.76384043424,0.827130290375,1.04247000304,0.990403836284,3.13264329004,0.0,0.0,0.0
893,5.47907376275,6.23356564826,27.6511163096,1.50354877753,2.06537560965,2.76511163096,0.833932331629,1.04195927932,0.990279116605,3.13264937024,0.0,0.0,0.0
894,5.48638633271,6.23050798843,27.6637457371,1.50405549415,2.06436251114,2.76637457371,0.840738184967,1.04145213485,0.990154401,3.13265715171,0.0,0.0,0.0
895,5.49370605799,6.2274721168,27.6762917298,1.50456557438,2.06335663176,2.76762917298,0.847547830029,1.04094860037,0.99002971392,3.13266663794,0.0,0.0,0.0
896,5.50103289762,6.22445821736,27.6887533949,1.50507899794,2.06235803244,2.76887533949,0.854361246094,1.04044870649,0.989905079924,3.13267783201,0.0,0.0,0.0
897,5.50836680996,6.22146647326,27.7011298422,1.50559574429,2.06136677389,2.77011298422,0.861178412081,1.03995248365,0.989780523667,3.13269073669,0.0,0.0,0.0
898,5.51570775274,6.21849706682,27.7134201841,1.5061157926,2.0603829165,2.77134201841,0.867999306549,1.03945996218,0.9896560699,3.13270535433,0.0,0.0,0.0
899,5.52305568306,6.21555017945,27.7256235356,1.50663912177,2.05940652038,2.77256235356,0.874823907701,1.03897117225,0.989531743462,3.13272168693,0.0,0.0,0.0
900,5.53041055738,6.2126259917,27.7377390148,1.50716571041,2.05843764536,2.77377390148,0.881652193376,1.03848614389,0.989407569271,3.1327397361,0.0,0.0,0.0
901,5.53777233153,6.20972468319,27.7497657427,1.50769553688,2.05747635095,2.77497657427,0.888484141058,1.03800490699,0.989283572323,3.13275950307,0.0,0.0,0.0
902,5.54514096069,6.20684643263,27.7617028435,1.50822857923,2.05652269636,2.77617028435,0.895319727869,1.03752749125,0.989159777684,3.1327809887,0.0,0.0,0.0
903,5.55251639943,6.20399141775,27.7735494446,1.50876481527,2.05557674048,2.77735494446,0.902158930575,1.03705392625,0.989036210483,3.13280419343,0.0,0.0,0.0
904,5.55989860167,6.20115981532,27.7853046767,1.5093042225,2.05463854187,2.77853046767,0.909001725584,1.03658424139,0.988912895906,3.13282911734,0.0,0.0,0.0
905,5.5672875207,6.1983518011,27.7969676742,1.50984677816,2.05370815878,2.77969676742,0.915848088946,1.0361184659,0.98878985919,3.13285576011,0.0,0.0,0.0
906,5.57468310917,6.19556754984,27.8085375751,1.51039245923,2.05278564911,2.78085375751,0.922697996355,1.03565662886,0.988667125619,3.13288412101,0.0,0.0,0.0
907,5.58208531913,6.19280723527,27.8200135212,1.51094124239,2.05187107041,2.78200135212,0.929551423149,1.03519875915,0.988544720512,3.13291419892,0.0,0.0,0.0
908,5.58949410197,6.19007103003,27.831394658,1.51149310407,2.05096447988,2.7831394658,0.936408344311,1.03474488551,0.988422669222,3.13294599234,0.0,0.0,0.0
909,5.59690940846,6.1873591057,27.8426801352,1.51204802041,2.04387238173,2.78426801352,0.943268734461,1.03114212921,0.988336229826,3.13300582771,0.0,0.0,0.0
910,5.60433118877,6.18467163274,27.8538691068,1.51260596729,2.0429846279,2.78538691068,0.95013256789,1.03069768159,0.988215329601,3.13304094151,0.0,0.0,0.0
911,5.61175939243,6.18200878052,27.8649607308,1.51316692033,2.04210500705,2.78649607308,0.956999818512,1.03025730278,0.988094858116,3.13307775856,0.0,0.0,0.0
912,5.61919396834,6.17937071723,27.8759541699,1.51373085485,2.04123357473,2.78759541699,0.963870459899,1.02982102067,0.987974840708,3.13311627573,0.0,0.0,0.0
913,5.62663486479,6.17675760993,27.8868485912,1.51429774592,2.04037038613,2.78868485912,0.970744465272,1.02938886296,0.98785530271,3.13315648947,0.0,0.0,0.0
914,5.63408202945,6.17416962446,27.8976431665,1.51486756835,2.03951549604,2.78976431665,0.977621807502,1.02896085716,0.987736269449,3.13319839584,0.0,0.0,0.0
915,5.64153540938,6.1716069255,27.9083370725,1.51544029668,2.03866895884,2.79083370725,0.984502459112,1.02853703059,0.987617766235,3.13324199045,0.0,0.0,0.0
916,5.64899495103,6.16906967645,27.9189294909,1.51601590516,2.03783082853,2.79189294909,0.991386392279,1.02811741036,0.987499818354,3.13328726853,0.0,0.0,0.0
917,5.65646060023,6.16655803951,27.9294196083,1.51659436781,2.03700115867,2.79294196083,0.998273578836,1.02770202336,0.987382451067,3.13333422488,0.0,0.0,0.0
918,5.66393230222,6.16407217557,27.9398066167,1.51717565836,2.03618000241,2.79398066167,1.00516399027,1.02729089628,0.987265689595,3.13338285388,0.0,0.0,0.0
919,5.67141000162,6.16161224427,27.9500897134,1.51775975031,2.03536741249,2.79500897134,1.01205759773,1.02688405561,0.987149559116,3.13343314951,0.0,0.0,0.0
920,5.67889364246,6.15917840392,27.9602681012,1.51834661686,2.03456344121,2.79602681012,1.01895437201,1.02648152761,0.987034084758,3.13348510531,0.0,0.0,0.0
921,5.68638316816,6.15677081151,27.9703409884,1.51893623098,2.03376814041,2.79703409884,1.02585428359,1.02608333831,0.986919291591,3.13353871441,0.0,0.0,0.0
922,5.69387852155,6.15438962265,27.9803075893,1.51952856537,2.03298156151,2.79803075893,1.03275730259,1.02568951354,0.98680520462,3.13359396953,0.0,0.0,0.0
923,5.70137964488,6.15203499162,27.9901671239,1.52012359248,2.03220375546,2.79901671239,1.03966339881,1.02530007888,0.986691848776,3.13365086296,0.0,0.0,0.0
924,5.7088864798,6.14970707129,27.9999188182,1.5207212845,2.03143477277,2.79999188182,1.04657254171,1.0249150597,0.986579248914,3.13370938658,0.0,0.0,0.0
925,5.71639896737,6.14740601311,28.0095619044,1.52132161338,2.03067466346,2.80095619044,1.05348470041,1.02453448112,0.986467429799,3.13376953182,0.0,0.0,0.0
926,5.72391704809,6.1451319671,28.0190956211,1.52192455079,2.02992347709,2.80190956211,1.06039984372,1.02415836803,0.986356416103,3.13383128974,0.0,0.0,0.0
927,5.73144066187,6.14288508186,28.0285192132,1.52253006818,2.02918126275,2.80285192132,1.0673179401,1.02378674509,0.986246232396,3.13389465093,0.0,0.0,0.0
928,5.73896974804,6.14066550446,28.0378319321,1.52313813674,2.02844806901,2.80378319321,1.07423895771,1.02341963669,0.98613690314,3.13395960559,0.0,0.0,0.0
929,5.74650424537,6.13847338054,28.0470330359,1.52374872741,2.02772394399,2.80470330359,1.08116286437,1.02305706699,0.986028452679,3.13402614349,0.0,0.0,0.0
930,5.75404409207,6.13630885418,28.0561217896,1.5243618109,2.02700893528,2.80561217896,1.08808962758,1.02269905991,0.985920905235,3.13409425399,0.0,0.0,0.0
931,5.76158922577,6.13417206794,28.065097465,1.52497735766,2.02630308998,2.8065097465,1.09501921453,1.02234563909,0.985814284899,3.13416392603,0.0,0.0,0.0
932,5.76913958358,6.13206316286,28.0739593411,1.52559533791,2.02560645467,2.80739593411,1.10195159208,1.02199682793,0.985708615623,3.13423514813,0.0,0.0,0.0
933,5.77669510202,6.12998227836,28.082706704,1.52621572162,2.0249190754,2.8082706704,1.10888672681,1.02165264957,0.985603921212,3.13430790838,0.0,0.0,0.0
934,5.78425571708,6.12792955231,28.0913388472,1.52683847855,2.02424099773,2.80913388472,1.11582458494,1.02131312688,0.98550022532,3.13438219449,0.0,0.0,0.0
935,5.79182136422,6.12590512095,28.0998550715,1.5274635782,2.02357226665,2.80998550715,1.12276513243,1.02097828246,0.985397551438,3.13445799373,0.0,0.0,0.0
936,5.79939197834,6.12390911889,28.1082546854,1.52809098984,2.02291292663,2.81082546854,1.12970833491,1.02064813866,0.985295922892,3.13453529297,0.0,0.0,0.0
937,5.80696749382,6.12194167912,28.1165370052,1.52872068253,2.0222630216,2.81165370052,1.1366541577,1.02032271754,0.985195362829,3.13461407867,0.0,0.0,0.0
938,5.81454784453,6.12000293292,28.1247013547,1.52935262508,2.02162259493,2.81247013547,1.14360256585,1.02000204088,0.985095894217,3.13469433687,0.0,0.0,0.0
939,5.82213296378,6.11809300993,28.132747066,1.52998678609,2.02099168944,2.8132747066,1.1505535241,1.0196861302,0.984997539831,3.13477605323,0.0,0.0,0.0
940,5.8297227844,6.11621203806,28.1406734792,1.53062313394,2.02037034738,2.81406734792,1.15750699688,1.01937500671,0.984900322249,3.13485921297,0.0,0.0,0.0
941,5.8373172387,6.1143601435,28.1484799423,1.53126163676,2.01975861044,2.81484799423,1.16446294835,1.01906869136,0.984804263847,3.13494380096,0.0,0.0,0.0
942,5.84491625847,6.11253745071,28.1561658121,1.5319022625,2.01915651972,2.81561658121,1.17142134238,1.0187672048,0.984709386785,3.13502980162,0.0,0.0,0.0
943,5.85251977503,6.1107440824,28.1637304534,1.53254497888,2.01856411578,2.81637304534,1.17838214256,1.01847056739,0.984615713007,3.13511719901,0.0,0.0,0.0
944,5.86012771918,6.10898015947,28.17117324,1.5331897534,2.01798143853,2.817117324,1.18534531219,1.0181787992,0.984523264229,3.13520597679,0.0,0.0,0.0
945,5.86774002125,6.10724580108,28.1784935539,1.53383655335,2.01740852735,2.81784935539,1.19231081431,1.01789192,0.984432061935,3.13529611822,0.0,0.0,0.0
946,5.87535661109,6.10554112453,28.1856907862,1.53448534583,2.01684542099,2.81856907862,1.19927861166,1.01760994926,0.984342127366,3.13538760618,0.0,0.0,0.0
947,5.88297741806,6.10386624533,28.192764337,1.53513609773,2.01629215759,2.8192764337,1.20624866674,1.01733290614,0.984253481517,3.13548042317,0.0,0.0,0.0
948,5.89060237108,6.10222127712,28.1997136152,1.53578877572,2.0157487747,2.81997136152,1.21322094177,1.0170608095,0.984166145129,3.13557455132,0.0,0.0,0.0
949,5.89823139858,6.10060633171,28.2065380388,1.53644334628,2.01521530924,2.82065380388,1.22019539871,1.0167936779,0.98408013868,3.13566997236,0.0,0.0,0.0
950,5.90586442856,6.09902151899,28.2132370354,1.53709977572,2.01469179753,2.82132370354,1.22717199925,1.01653152958,0.983995482379,3.13576666768,0.0,0.0,0.0
951,5.91350138856,6.09746694699,28.2198100416,1.53775803011,2.01417827525,2.82198100416,1.23415070486,1.01627438246,0.983912196161,3.13586461828,0.0,0.0,0.0
952,5.92114220568,6.09594272183,28.2262565038,1.53841807538,2.01367477745,2.82262565038,1.24113147672,1.01602225415,0.983830299679,3.1359638048,0.0,0.0,0.0
953,5.9287868066,6.09444894768,28.2325758777,1.53907987723,2.01318133854,2.82325758777,1.24811427578,1.01577516195,0.983749812296,3.13606420753,0.0,0.0,0.0
954,5.93643511754,6.0929857268,28.2387676288,1.5397434012,2.0126979923,2.82387676288,1.25509906276,1.01553312282,0.98367075308,3.1361658064,0.0,0.0,0.0
955,5.94408706435,6.09155315947,28.2448312325,1.54040861264,2.01222477187,2.82448312325,1.26208579812,1.01529615341,0.983593140797,3.136268581,0.0,0.0,0.0
956,5.95174257242,6.09015134401,28.2507661739,1.54107547674,2.0117617097,2.82507661739,1.2690744421,1.01506427003,0.983516993904,3.13637251056,0.0,0.0,0.0
957,5.95940156678,6.08878037675,28.2565719484,1.54174395849,2.01130883764,2.82565719484,1.27606495471,1.01483748868,0.983442330545,3.136477574,0.0,0.0,0.0
958,5.96706397203,6.08744035203,28.2622480613,1.54241402272,2.01086618683,2.82622480613,1.28305729572,1.014615825,0.98336916854,3.13658374986,0.0,0.0,0.0
959,5.97472971239,6.08613136216,28.267794028,1.5430856341,2.01043378777,2.8267794028,1.2900514247,1.01439929433,0.983297525383,3.1366910164,0.0,0.0,0.0
960,5.98239871171,6.08485349743,28.2732093745,1.54375875713,2.01001167029,2.82732093745,1.29704730099,1.01418791164,0.983227418236,3.13679935153,0.0,0.0,0.0
961,5.99007089346,6.08360684608,28.278493637,1.54443335615,2.00959986354,2.8278493637,1.30404488372,1.01398169159,0.983158863919,3.13690873284,0.0,0.0,0.0
962,5.99774618074,6.0823914943,28.2836463622,1.54510939533,2.00919839599,2.82836463622,1.31104413182,1.01378064847,0.983091878907,3.13701913763,0.0,0.0,0.0
963,6.00542449629,6.08120752621,28.2886671075,1.54578683871,2.00880729542,2.82886671075,1.31804500399,1.01358479625,0.983026479324,3.13713054287,0.0,0.0,0.0
964,6.01310576252,6.08005502385,28.2935554408,1.54646565016,2.00842658893,2.82935554408,1.32504745877,1.01339414854,0.982962680938,3.13724292525,0.0,0.0,0.0
965,6.02078990149,6.07893406716,28.298310941,1.54714579341,2.00805630294,2.8298310941,1.33205145448,1.01320871862,0.982900499153,3.13735626115,0.0,0.0,0.0
966,6.02847683491,6.07784473398,28.3029331976,1.54782723205,2.00769646314,2.83029331976,1.33905694926,1.0130285194,0.982839949005,3.13747052669,0.0,0.0,0.0
967,6.03616648419,6.07678710001,28.3074218111,1.54850992953,2.00734709457,2.83074218111,1.34606390107,1.01285356345,0.982781045158,3.13758569768,0.0,0.0,0.0
968,6.04385877041,6.07576123884,28.3117763932,1.54919384915,2.00700822151,2.83117763932,1.35307226767,1.01268386299,0.982723801894,3.13770174968,0.0,0.0,0.0
969,6.05155361436,6.07476722191,28.3159965665,1.5498789541,2.00667986757,2.83159965665,1.36008200667,1.01251942986,0.982668233115,3.13781865796,0.0,0.0,0.0
970,6.05925093651,6.07380511852,28.3200819647,1.55056520743,2.00636205564,2.83200819647,1.3670930755,1.01236027558,0.982614352331,3.13793639754,0.0,0.0,0.0
971,6.06695065706,6.07287499577,28.3240322331,1.55125257205,2.00605480788,2.83240322331,1.37410543142,1.01220641128,0.98256217266,3.13805494321,0.0,0.0,0.0
972,6.07465269592,6.07197691863,28.327847028,1.55194101079,2.00575814576,2.8327847028,1.38111903154,1.01205784775,0.982511706821,3.13817426948,0.0,0.0,0.0
973,6.08235697273,6.07111094985,28.3315260172,1.55263048633,2.00547209001,2.83315260172,1.38813383281,1.0119145954,0.98246296713,3.13829435065,0.0,0.0,0.0
974,6.09006340686,6.07027715,28.33506888,1.55332096124,2.00519666063,2.833506888,1.39514979204,1.01177666428,0.982415965494,3.13841516076,0.0,0.0,0.0
975,6.09777191745,6.06947557745,28.3384753072,1.55401239798,2.0049318769,2.83384753072,1.40216686588,1.01164406408,0.98237071341,3.13853667365,0.0,0.0,0.0
976,6.10548242337,6.06870628833,28.3417450011,1.55470475893,2.00467775738,2.83417450011,1.40918501084,1.01151680413,0.982327221957,3.13865886294,0.0,0.0,0.0
977,6.11319484326,6.06796933658,28.3448776758,1.55539800634,2.00443431986,2.83448776758,1.41620418333,1.01139489337,0.982285501795,3.13878170203,0.0,0.0,0.0
978,6.12090909555,6.06726477389,28.347873057,1.55609210237,2.00420158144,2.8347873057,1.42322433959,1.01127834039,0.98224556316,3.13890516415,0.0,0.0,0.0
979,6.12862509844,6.06659264972,28.3507308824,1.5567870091,2.00397955844,2.83507308824,1.43024543575,1.0111671534,0.982207415858,3.1390292223,0.0,0.0,0.0
980,6.13634276993,6.06595301128,28.3534509013,1.55748268849,2.00376826646,2.83534509013,1.43726742784,1.01106134022,0.982171069267,3.13915384932,0.0,0.0,0.0
981,6.14406202781,6.06534590351,28.3560328749,1.55817910246,2.00356772035,2.83560328749,1.44429027176,1.01096090832,0.982136532326,3.13927901787,0.0,0.0,0.0
982,6.1517827897,6.06477136911,28.3584765765,1.55887621281,2.00337793421,2.83584765765,1.4513139233,1.0108658648,0.982103813539,3.13940470044,0.0,0.0,0.0
983,6.15950497304,6.06422944851,28.3607817913,1.55957398128,2.0031989214,2.83607817913,1.45833833816,1.01077621635,0.982072920966,3.13953086935,0.0,0.0,0.0
984,6.16722849507,6.06372017984,28.3629483164,1.56027236954,2.00303069451,2.83629483164,1.46536347194,1.01069196932,0.982043862224,3.1396574968,0.0,0.0,0.0
985,6.17495327291,6.06324359899,28.3649759611,1.56097133918,2.0028732654,2.83649759611,1.47238928014,1.01061312965,0.982016644483,3.13978455482,0.0,0.0,0.0
986,6.18267922352,6.06279973951,28.3668645468,1.56167085174,2.00272664515,2.83668645468,1.47941571819,1.01053970292,0.981991274462,3.13991201531,0.0,0.0,0.0
987,6.19040626371,6.06238863271,28.3686139071,1.56237086869,2.00259084411,2.83686139071,1.48644274143,1.01047169433,0.981967758429,3.14003985005,0.0,0.0,0.0
988,6.19813431017,6.06201030757,28.3702238877,1.56307135144,2.00246587184,2.83702238877,1.49347030514,1.01040910867,0.981946102195,3.14016803071,0.0,0.0,0.0
989,6.20586327946,6.06166479078,28.3716943466,1.56377226136,2.00235173716,2.83716943466,1.50049836451,1.0103519504,0.981926311115,3.14029652883,0.0,0.0,0.0
990,6.21359308805,6.06135210672,28.3730251539,1.56447355976,2.00224844814,2.83730251539,1.50752687469,1.01030022355,0.981908390087,3.14042531588,0.0,0.0,0.0
991,6.22132365228,6.06107227746,28.3742161922,1.56517520793,2.00215601204,2.83742161922,1.51455579076,1.01025393178,0.981892343545,3.14055436322,0.0,0.0,0.0
992,6.22905488843,6.06082532276,28.3752673562,1.5658771671,2.00207443542,2.83752673562,1.52158506774,1.01021307838,0.981878175463,3.14068364214,0.0,0.0,0.0
993,6.23678671268,6.06061126006,28.376178553,1.56657939846,2.00200372401,2.8376178553,1.52861466063,1.01017766624,0.98186588935,3.14081312384,0.0,0.0,0.0
994,6.24451904115,6.06043010448,28.3769497021,1.56728186319,2.00194388283,2.83769497021,1.53564452437,1.01014769787,0.98185548825,3.14094277948,0.0,0.0,0.0
995,6.2522517899,6.06028186882,28.3775807353,1.56798452244,2.0018949161,2.83775807353,1.54267461387,1.0101231754,0.981846974741,3.14107258015,0.0,0.0,0.0
996,6.25998487492,6.06016656355,28.3780715969,1.56868733732,2.00185682727,2.83780715969,1.54970488401,1.01010410056,0.981840350933,3.14120249689,0.0,0.0,0.0
997,6.26771821219,6.06008419682,28.3784222432,1.56939026895,2.00182961904,2.83784222432,1.55673528965,1.01009047471,0.981835618468,3.14133250073,0.0,0.0,0.0
998,6.27545171764,6.06003477446,28.3786326435,1.57009327841,2.00181329333,2.83786326435,1.56376578564,1.01008229881,0.981832778519,3.14146256264,0.0,0.0,0.0
999,6.28318530718,6.06001829995,28.378702779,1.57079632679,2.0018078513,2.8378702779,1.57079632679,1.01007957345,0.981831831791,3.14159265359,0.0,0.0,0.0
