,theta i [rad],r orb [AU],v orb [km s-1],ang orb [rad],r L1 [AU],v i [km s-1],ang i [rad],a p [AU],e p,theta p i [rad],flag impact,v imp [km s-1],ang imp [rad]
0,0.0,2.68474886538,33.025796367,1.57079632679,1.10722376022,3.3025796367,1.57079632679,0.557404911745,0.986390390342,3.14159265359,0.0,0.0,0.0
1,0.00773358953589,2.68475616403,33.0257147466,1.57149937518,1.10722677027,3.30257147466,1.57782686795,0.557406418587,0.986391097944,3.1416896532,0.0,0.0,0.0
2,0.0154670949907,2.68477805945,33.0254698927,1.57220238464,1.10723580021,3.30254698927,1.58485736394,0.557410939009,0.986393220576,3.14178663131,0.0,0.0,0.0
3,0.0232004322587,2.68481455009,33.025061827,1.57290531627,1.10725084941,3.3025061827,1.59188776958,0.55741847269,0.986396757714,3.14188356639,0.0,0.0,0.0
4,0.030933517282,2.68486563339,33.0244905855,1.57360813115,1.10727191679,3.30244905855,1.59891803972,0.557429019095,0.986401708487,3.14198043697,0.0,0.0,0.0
5,0.038666266026,2.68493130572,33.0237562188,1.5743107904,1.10729900088,3.30237562188,1.60594812922,0.557442577479,0.986408071674,3.14207722156,0.0,0.0,0.0
6,0.0463985944962,2.68501156244,33.0228587918,1.57501325513,1.10733209975,3.30228587918,1.61297799296,0.557459146879,0.986415845707,3.14217389873,0.0,0.0,0.0
7,0.0541304187485,2.6851063979,33.0217983839,1.57571548649,1.10737121107,3.30217983839,1.62000758585,0.557478726122,0.98642502867,3.14227044706,0.0,0.0,0.0
8,0.0618616548989,2.68521580538,33.0205750888,1.57641744566,1.10741633207,3.30205750888,1.62703686283,0.557501313823,0.986435618302,3.14236684517,0.0,0.0,0.0
9,0.0695922191337,2.68533977717,33.0191890147,1.57711909383,1.10746745957,3.30191890147,1.6340657789,0.557526908381,0.986447611994,3.14246307175,0.0,0.0,0.0
10,0.0773220277194,2.6854783045,33.0176402838,1.57782039223,1.10752458997,3.30176402838,1.64109428908,0.557555507985,0.986461006795,3.14255910551,0.0,0.0,0.0
11,0.0850509970128,2.6856313776,33.0159290331,1.57852130215,1.10758771921,3.30159290331,1.64812234845,0.557587110611,0.986475799408,3.14265492525,0.0,0.0,0.0
12,0.0927790434708,2.68579898568,33.0140554136,1.5792217849,1.10765684286,3.30140554136,1.65514991216,0.557621714023,0.986491986193,3.1427505098,0.0,0.0,0.0
13,0.10050608366,2.6859811169,33.0120195905,1.57992180185,1.10773195604,3.30120195905,1.6621769354,0.557659315774,0.986509563172,3.1428458381,0.0,0.0,0.0
14,0.108232034267,2.68617775842,33.0098217435,1.58062131441,1.10781305344,3.30098217435,1.66920337345,0.557699913205,0.986528526024,3.14294088914,0.0,0.0,0.0
15,0.115956812109,2.68638889638,33.0074620662,1.58132028405,1.10790012936,3.30074620662,1.67622918165,0.557743503448,0.986548870092,3.14303564201,0.0,0.0,0.0
16,0.123680334142,2.68661451591,33.0049407664,1.58201867231,1.10799317765,3.30049407664,1.68325431543,0.557790083423,0.986570590381,3.14313007589,0.0,0.0,0.0
17,0.131402517481,2.68685460111,33.0022580662,1.58271644078,1.10809219177,3.30022580662,1.69027873029,0.557839649841,0.986593681564,3.14322417005,0.0,0.0,0.0
18,0.13912327937,2.68710913509,32.9994142015,1.58341355113,1.10819716474,3.29994142015,1.69730238183,0.557892199204,0.986618137979,3.14331790387,0.0,0.0,0.0
19,0.146842537253,2.68737809994,32.9964094223,1.5841099651,1.10830808918,3.29964094223,1.70432522575,0.557947727806,0.986643953633,3.14341125683,0.0,0.0,0.0
20,0.154560208739,2.68766147674,32.9932439925,1.58480564449,1.10842495729,3.29932439925,1.71134721784,0.558006231732,0.986671122208,3.14350420855,0.0,0.0,0.0
21,0.162276211629,2.68795924557,32.9899181901,1.58550055122,1.10854776086,3.29899181901,1.718368314,0.558067706859,0.986699637057,3.14359673874,0.0,0.0,0.0
22,0.169990463919,2.68827138553,32.9864323066,1.58619464725,1.10867649125,3.29864323066,1.72538847026,0.558132148859,0.98672949121,3.14368882725,0.0,0.0,0.0
23,0.177702883813,2.68859787471,32.9827866475,1.58688789466,1.10881113944,3.29827866475,1.73240764274,0.558199553196,0.986760677376,3.14378045408,0.0,0.0,0.0
24,0.18541338973,2.68893869019,32.9789815319,1.58758025561,1.10895169598,3.29789815319,1.73942578771,0.558269915131,0.986793187947,3.14387159936,0.0,0.0,0.0
25,0.193121900315,2.6892938081,32.9750172925,1.58827169235,1.10909815101,3.29750172925,1.74644286155,0.558343229718,0.986827014998,3.14396224335,0.0,0.0,0.0
26,0.20082833445,2.68966320355,32.9708942759,1.58896216726,1.10925049428,3.29708942759,1.75345882078,0.558419491809,0.986862150291,3.14405236648,0.0,0.0,0.0
27,0.208532611257,2.6900468507,32.9666128417,1.5896516428,1.10940871512,3.29666128417,1.76047362205,0.558498696052,0.986898585278,3.14414194933,0.0,0.0,0.0
28,0.216234650117,2.69044472269,32.9621733632,1.59034008154,1.10957280247,3.29621733632,1.76748722217,0.558580836894,0.986936311106,3.14423097264,0.0,0.0,0.0
29,0.223934370667,2.69085679174,32.9575762271,1.59102744616,1.10974274486,3.29575762271,1.77449957809,0.558665908579,0.986975318617,3.14431941733,0.0,0.0,0.0
30,0.231631692821,2.69128302907,32.9528218332,1.59171369949,1.10991853043,3.29528218332,1.78151064692,0.558753905152,0.987015598353,3.14440726448,0.0,0.0,0.0
31,0.239326536769,2.69172340494,32.9479105945,1.59239880444,1.1101001469,3.29479105945,1.78852038592,0.558844820458,0.987057140559,3.14449449535,0.0,0.0,0.0
32,0.247018822993,2.69217788865,32.9428429372,1.59308272406,1.11028758163,3.29428429372,1.79552875252,0.558938648143,0.987099935188,3.1445810914,0.0,0.0,0.0
33,0.254708472273,2.69264644855,32.9376193003,1.59376542154,1.11048082155,3.29376193003,1.80253570432,0.559035381658,0.987143971901,3.14466703426,0.0,0.0,0.0
34,0.262395405694,2.69312905205,32.9322401361,1.59444686018,1.11067985322,3.29322401361,1.80954119911,0.559135014255,0.987189240076,3.14475230577,0.0,0.0,0.0
35,0.270079544657,2.6936256656,32.9267059092,1.59512700343,1.11088466281,3.29267059092,1.81654519482,0.559237538991,0.987235728804,3.14483688795,0.0,0.0,0.0
36,0.277760810887,2.69413625472,32.9210170973,1.59580581488,1.1110952361,3.29210170973,1.8235476496,0.559342948729,0.987283426903,3.14492076304,0.0,0.0,0.0
37,0.285439126442,2.69466078399,32.9151741907,1.59648325826,1.11131155848,3.29151741907,1.83054852177,0.55945123614,0.987332322912,3.14500391348,0.0,0.0,0.0
38,0.29311441372,2.69519921707,32.909177692,1.59715929744,1.11153361497,3.2909177692,1.83754776987,0.559562393702,0.987382405103,3.14508632194,0.0,0.0,0.0
39,0.300786595467,2.69575151669,32.9030281164,1.59783389646,1.11176139019,3.29030281164,1.8445453526,0.559676413701,0.987433661478,3.1451679713,0.0,0.0,0.0
40,0.308455594787,2.69631764466,32.8967259915,1.59850701949,1.11199486839,3.28967259915,1.85154122889,0.559793288234,0.987486079781,3.14524884465,0.0,0.0,0.0
41,0.31612133515,2.6968975619,32.8902718569,1.59917863087,1.11223403346,3.28902718569,1.85853535787,0.559913009212,0.987539647495,3.14532892531,0.0,0.0,0.0
42,0.323783740398,2.6974912284,32.8836662643,1.5998486951,1.11247886889,3.28836662643,1.86552769888,0.560035568354,0.987594351851,3.14540819686,0.0,0.0,0.0
43,0.331442734755,2.69809860326,32.8769097777,1.60051717685,1.11272935782,3.28769097777,1.87251821149,0.560160957198,0.98765017983,3.14548664309,0.0,0.0,0.0
44,0.339098242831,2.6987196447,32.8700029726,1.60118404095,1.11298548302,3.28700029726,1.87950685547,0.560289167093,0.987707118169,3.14556424802,0.0,0.0,0.0
45,0.346750189637,2.69935431003,32.8629464365,1.60184925239,1.11324722688,3.28629464365,1.88649359083,0.560420189208,0.987765153365,3.14564099595,0.0,0.0,0.0
46,0.354398500584,2.70000255569,32.8557407685,1.60251277636,1.11351457144,3.28557407685,1.89347837781,0.560554014527,0.987824271681,3.14571687139,0.0,0.0,0.0
47,0.362043101497,2.70066433727,32.8483865791,1.60317457821,1.11378749837,3.28483865791,1.90046117687,0.560690633857,0.987884459146,3.14579185913,0.0,0.0,0.0
48,0.369683918619,2.70133960945,32.8408844904,1.60383462348,1.114065989,3.28408844904,1.90744194873,0.560830037821,0.987945701566,3.1458659442,0.0,0.0,0.0
49,0.377320878619,2.70202832608,32.8332351356,1.60449287787,1.11435002429,3.28332351356,1.91442065434,0.560972216869,0.988007984525,3.14593911189,0.0,0.0,0.0
50,0.384953908599,2.70273044016,32.8254391592,1.60514930731,1.11463958485,3.28254391592,1.92139725488,0.561117161272,0.988071293392,3.14601134777,0.0,0.0,0.0
51,0.392582936103,2.70344590382,32.8174972167,1.60580387787,1.11493465095,3.28174972167,1.92837171182,0.561264861125,0.988135613322,3.14608263764,0.0,0.0,0.0
52,0.40020788912,2.70417466837,32.8094099744,1.60645655586,1.11523520249,3.28094099744,1.93534398685,0.561415306352,0.988200929266,3.1461529676,0.0,0.0,0.0
53,0.407828696094,2.70491668429,32.8011781095,1.60710730776,1.11554121907,3.28011781095,1.94231404193,0.561568486703,0.988267225973,3.14622232401,0.0,0.0,0.0
54,0.415445285931,2.70567190122,32.7928023098,1.60775610024,1.1158526799,3.27928023098,1.94928183928,0.56172439176,0.988334487997,3.1462906935,0.0,0.0,0.0
55,0.423057588001,2.706440268,32.7842832736,1.60840290019,1.1161695639,3.27842832736,1.9562473414,0.561883010932,0.9884026997,3.14635806299,0.0,0.0,0.0
56,0.430665532152,2.70722173265,32.7756217095,1.60904767471,1.11649184962,3.27756217095,1.96321051103,0.562044333464,0.988471845258,3.14642441968,0.0,0.0,0.0
57,0.438269048708,2.70801624239,32.7668183365,1.60969039109,1.1168195153,3.27668183365,1.97017131121,0.562208348435,0.988541908667,3.14648975103,0.0,0.0,0.0
58,0.445868068482,2.70882374364,32.7578738837,1.61033101683,1.11715253884,3.27578738837,1.97712970524,0.562375044758,0.988612873747,3.14655404482,0.0,0.0,0.0
59,0.453462522778,2.70964418206,32.7487890899,1.61096951965,1.11749089783,3.27487890899,1.98408565671,0.562544411185,0.988684724149,3.14661728909,0.0,0.0,0.0
60,0.461052343399,2.7104775025,32.739564704,1.6116058675,1.11783456952,3.2739564704,1.99103912949,0.562716436306,0.988757443358,3.14667947218,0.0,0.0,0.0
61,0.468637462653,2.71132364905,32.7302014845,1.61224002851,1.11818353086,3.27302014845,1.99799008774,0.562891108552,0.9888310147,3.14674058273,0.0,0.0,0.0
62,0.476217813356,2.71218256504,32.7207001994,1.61287197106,1.11853775848,3.27207001994,2.00493849589,0.563068416196,0.988905421347,3.14680060966,0.0,0.0,0.0
63,0.483793328841,2.71305419305,32.7110616261,1.61350166375,1.11889722869,3.27110616261,2.01188431868,0.563248347355,0.988980646323,3.14685954219,0.0,0.0,0.0
64,0.491363942962,2.71393847491,32.7012865514,1.61412907539,1.1192619175,3.27012865514,2.01882752116,0.563430889994,0.989056672508,3.14691736984,0.0,0.0,0.0
65,0.498929590098,2.71483535171,32.6913757711,1.61475417504,1.11963180063,3.26913757711,2.02576806865,0.563616031921,0.989133482644,3.14697408244,0.0,0.0,0.0
66,0.506490205161,2.71574476381,32.6813300898,1.61537693197,1.12000685346,3.26813300898,2.03270592678,0.563803760798,0.989211059341,3.1470296701,0.0,0.0,0.0
67,0.5140457236,2.71666665084,32.6711503213,1.61599731568,1.12038705112,3.26711503213,2.03964106151,0.563994064133,0.989289385081,3.14708412325,0.0,0.0,0.0
68,0.521596081405,2.71760095174,32.6608372877,1.61661529593,1.1207723684,3.26608372877,2.04657343906,0.564186929292,0.989368442227,3.14713743261,0.0,0.0,0.0
69,0.529141215112,2.71854760472,32.6503918198,1.61723084269,1.12116277985,3.26503918198,2.05350302601,0.564382343489,0.989448213023,3.14718958922,0.0,0.0,0.0
70,0.536681061809,2.71950654732,32.6398147567,1.61784392618,1.12155825968,3.26398147567,2.06042978922,0.564580293801,0.989528679604,3.14724058442,0.0,0.0,0.0
71,0.54421555914,2.72047771637,32.6291069459,1.61845451685,1.12195878185,3.26291069459,2.06735369588,0.564780767157,0.989609824,3.14729040985,0.0,0.0,0.0
72,0.551744645309,2.72146104804,32.6182692427,1.61906258541,1.12236432003,3.26182692427,2.07427471349,0.564983750351,0.989691628141,3.14733905745,0.0,0.0,0.0
73,0.559268259085,2.72245647781,32.6073025105,1.6196681028,1.12277484762,3.26073025105,2.08119280987,0.565189230033,0.989774073864,3.14738651951,0.0,0.0,0.0
74,0.566786339806,2.72346394051,32.5962076205,1.62027104021,1.12319033775,3.25962076205,2.08810795318,0.565397192721,0.989857142915,3.14743278858,0.0,0.0,0.0
75,0.574298827382,2.72448337033,32.5849854513,1.62087136909,1.12361076326,3.25849854513,2.09502011188,0.565607624797,0.989940816958,3.14747785754,0.0,0.0,0.0
76,0.5818056623,2.72551470079,32.5736368893,1.62146906111,1.12403609674,3.25736368893,2.10192925478,0.565820512509,0.990025077581,3.14752171959,0.0,0.0,0.0
77,0.58930678563,2.7265578648,32.5621628278,1.62206408822,1.12446631053,3.25621628278,2.108835351,0.566035841974,0.990109906298,3.14756436822,0.0,0.0,0.0
78,0.596802139023,2.72761279463,32.5505641676,1.62265642261,1.12490137668,3.25505641676,2.11573837,0.566253599181,0.990195284556,3.14760579724,0.0,0.0,0.0
79,0.604291664722,2.72867942194,32.5388418163,1.62324603673,1.12534126703,3.25388418163,2.12263828158,0.566473769991,0.990281193741,3.14764600078,0.0,0.0,0.0
80,0.611775305557,2.72975767778,32.5269966885,1.62383290328,1.12578595312,3.25269966885,2.12953505586,0.566696340139,0.990367615183,3.14768497327,0.0,0.0,0.0
81,0.619253004957,2.7308474926,32.5150297053,1.62441699523,1.12623540628,3.25150297053,2.13642866332,0.566921295237,0.990454530162,3.14772270945,0.0,0.0,0.0
82,0.626724706946,2.73194879626,32.5029417946,1.62499828578,1.12668959758,3.25029417946,2.14331907475,0.567148620776,0.990541919911,3.14775920436,0.0,0.0,0.0
83,0.634190356151,2.73306151806,32.4907338905,1.62557674843,1.12714849786,3.24907338905,2.15020626131,0.567378302125,0.990629765626,3.14779445338,0.0,0.0,0.0
84,0.641649897801,2.73418558669,32.4784069334,1.62615235691,1.12761207772,3.24784069334,2.15709019448,0.567610324537,0.990718048465,3.14782845216,0.0,0.0,0.0
85,0.649103277734,2.73532093032,32.4659618698,1.62672508524,1.12808030752,3.24659618698,2.16397084609,0.567844673149,0.990806749559,3.14786119669,0.0,0.0,0.0
86,0.656550442395,2.73646747653,32.4533996519,1.62729490767,1.12855315741,3.24533996519,2.17084818832,0.568081332983,0.990895850013,3.14789268325,0.0,0.0,0.0
87,0.663991338843,2.73762515239,32.440721238,1.62786179874,1.1290305973,3.2440721238,2.17772219369,0.568320288948,0.990985330916,3.14792290844,0.0,0.0,0.0
88,0.67142591475,2.73879388441,32.4279275919,1.62842573326,1.12951259689,3.24279275919,2.18459283508,0.568561525845,0.991075173341,3.14795186915,0.0,0.0,0.0
89,0.678854118407,2.73997359858,32.4150196828,1.6289866863,1.12999912566,3.24150196828,2.1914600857,0.568805028365,0.991165358352,3.14797956259,0.0,0.0,0.0
90,0.686275898721,2.74116422039,32.4019984852,1.62954463318,1.13049015288,3.24019984852,2.19832391913,0.569050781093,0.991255867011,3.14800598627,0.0,0.0,0.0
91,0.693691205213,2.74236567481,32.3888649789,1.63009954952,1.13098564759,3.23888649789,2.20518430928,0.569298768509,0.991346680382,3.14803113799,0.0,0.0,0.0
92,0.701099988053,2.74357788632,32.3756201484,1.6306514112,1.13148557866,3.23756201484,2.21204123044,0.569548974992,0.991437779534,3.14805501587,0.0,0.0,0.0
93,0.708502198009,2.7448007789,32.3622649835,1.63120019436,1.13198991474,3.23622649835,2.21889465723,0.569801384819,0.991529145549,3.14807761831,0.0,0.0,0.0
94,0.715897786484,2.74603427607,32.3488004783,1.63174587543,1.13249862428,3.23488004783,2.22574456464,0.570055982168,0.991620759525,3.14809894404,0.0,0.0,0.0
95,0.72328670551,2.74727830085,32.3352276316,1.63228843109,1.13301167555,3.23352276316,2.23259092801,0.57031275112,0.991712602581,3.14811899205,0.0,0.0,0.0
96,0.730668907747,2.74853277585,32.3215474466,1.63282783832,1.13352903661,3.23215474466,2.23943372301,0.570571675663,0.991804655864,3.14813776165,0.0,0.0,0.0
97,0.738044346487,2.74979762318,32.3077609309,1.63336407436,1.13405067535,3.23077609309,2.24627292572,0.57083273969,0.991896900549,3.14815525244,1.0,616.582535384,1.4996097803
98,0.745412975653,2.75107276453,32.2938690957,1.63389711671,1.13457655947,3.22938690957,2.25310851253,0.571095927004,0.99198931785,3.1481714643,1.0,616.583116311,1.44432797103
99,0.752774749802,2.75235812116,32.2798729568,1.63442694318,1.1351066565,3.22798729568,2.25994046021,0.571361221319,0.992081889021,3.14818639742,1.0,616.583701347,1.40639232689
100,0.760129624123,2.75365361391,32.2657735333,1.63495353182,1.13564093379,3.22657735333,2.26676874589,0.571628606261,0.99217459536,3.14820005227,1.0,616.584290444,1.37542307591
101,0.767477554443,2.75495916319,32.2515718481,1.63547686099,1.13617935851,3.22515718481,2.27359334704,0.571898065371,0.992267418215,3.14821242958,1.0,616.584883552,1.34848970671
102,0.774818497222,2.75627468902,32.2372689277,1.6359969093,1.13672189769,3.22372689277,2.28041424151,0.572169582108,0.992360338989,3.14822353042,1.0,616.585480623,1.32426611312
103,0.782152409558,2.75760011101,32.2228658018,1.63651365565,1.13726851818,3.22228658018,2.2872314075,0.572443139847,0.992453339144,3.14823335608,1.0,616.58608161,1.3020188376
104,0.789479249185,2.75893534842,32.2083635035,1.63702707921,1.13781918666,3.22083635035,2.29404482356,0.572718721885,0.992546400204,3.14824190817,1.0,616.586686463,1.28129208904
105,0.796798974474,2.76028032008,32.1937630686,1.63753715944,1.13837386966,3.21937630686,2.30085446862,0.572996311442,0.992639503761,3.14824918858,1.0,616.587295133,1.26177992837
106,0.804111544434,2.7616349445,32.1790655363,1.63804387606,1.13893253359,3.21790655363,2.30766032196,0.573275891662,0.992732631481,3.14825519944,1.0,616.587907571,1.24326537444
107,0.811416918711,2.76299913981,32.1642719482,1.63854720909,1.13949514467,3.21642719482,2.31446236321,0.573557445614,0.992825765102,3.14825994318,1.0,616.588523729,1.22558802968
108,0.818715057589,2.76437282378,32.1493833486,1.6390471388,1.14006166899,3.21493833486,2.32126057238,0.573840956295,0.992918886445,3.1482634225,1.0,616.589143558,1.20862542823
109,0.826005921991,2.76575591387,32.1344007845,1.63954364576,1.14063207251,3.21344007845,2.32805492982,0.574126406634,0.993011977416,3.14826564036,1.0,616.589767008,1.19228160631
110,0.833289473477,2.76714832718,32.119325305,1.64003671081,1.14120632104,3.2119325305,2.33484541625,0.57441377949,0.993105020008,3.14826659998,1.0,616.59039403,1.17647974694
111,0.840565674242,2.7685499805,32.1041579615,1.64052631508,1.14178438027,3.21041579615,2.34163201275,0.574703057656,0.993197996305,3.14826630486,1.0,616.591024576,1.16115725388
112,0.847834487122,2.76996079031,32.0888998075,1.64101243996,1.14236621575,3.20888998075,2.34841470075,0.574994223862,0.993290888492,3.14826475873,1.0,616.591658596,1.14626234165
113,0.855095875587,2.77138067279,32.0735518984,1.64149506713,1.1429517929,3.20735518984,2.35519346205,0.575287260773,0.993383678849,3.14826196561,1.0,616.592296041,1.13175160768
114,0.862349803744,2.77280954381,32.0581152913,1.64197417854,1.14354107705,3.20581152913,2.3619682788,0.575582150995,0.993476349762,3.14825792974,1.0,616.592936861,1.11758826206
115,0.869596236335,2.77424731896,32.0425910452,1.64244975642,1.14413403336,3.20425910452,2.3687391335,0.575878877076,0.993568883727,3.14825265565,1.0,616.593581008,1.10374080952
116,0.876835138738,2.77569391355,32.0269802205,1.64292178329,1.14473062693,3.20269802205,2.37550600903,0.576177421504,0.993661263347,3.14824614808,1.0,616.594228432,1.09018205019
117,0.884066476963,2.77714924264,32.0112838789,1.64339024194,1.14533082271,3.20112838789,2.38226888862,0.576477766715,0.993753471342,3.14823841204,1.0,616.594879084,1.07688830978
118,0.891290217654,2.77861322101,31.9955030834,1.64385511542,1.14593458556,3.19955030834,2.38902775583,0.576779895089,0.993845490552,3.14822945277,1.0,616.595532914,1.06383883793
119,0.898506328087,2.78008576319,31.9796388982,1.64431638707,1.14654188024,3.19796388982,2.39578259461,0.577083788957,0.993937303937,3.14821927575,1.0,616.596189873,1.05101533205
120,0.905714776169,2.78156678348,31.9636923885,1.64477404052,1.14715267139,3.19636923885,2.40253338924,0.577389430598,0.994028894581,3.14820788669,1.0,616.596849913,1.03840155607
121,0.912915530436,2.78305619594,31.9476646204,1.64522805966,1.14776692357,3.19476646204,2.40928012437,0.577696802244,0.994120245698,3.14819529156,1.0,616.597512984,1.02598303191
122,0.920108560053,2.7845539144,31.9315566606,1.64567842865,1.14838460126,3.19315566606,2.41602278499,0.578005886081,0.994211340635,3.14818149652,1.0,616.598179036,1.01374678764
123,0.927293834812,2.78605985248,31.9153695765,1.64612513194,1.14900566881,3.19153695765,2.42276135646,0.578316664251,0.994302162871,3.14816650798,1.0,616.598848021,1.00168114983
124,0.93447132513,2.78757392359,31.899104436,1.64656815425,1.14963009053,3.1899104436,2.42949582447,0.578629118852,0.994392696026,3.14815033257,1.0,616.59951989,0.989775571271
125,0.941641002048,2.78909604094,31.8827623073,1.64700748056,1.15025783062,3.18827623073,2.43622617507,0.578943231943,0.994482923857,3.14813297714,1.0,616.600194593,0.978020486791
126,0.948802837229,2.79062611756,31.8663442591,1.64744309615,1.15088885321,3.18663442591,2.44295239467,0.579258985542,0.994572830269,3.14811444874,1.0,616.600872081,0.96640719183
127,0.955956802959,2.79216406627,31.84985136,1.64787498655,1.15152312235,3.184985136,2.44967446999,0.579576361631,0.994662399311,3.14809475466,1.0,616.601552307,0.954927739575
128,0.96310287214,2.79370979975,31.8332846785,1.64830313758,1.15216060202,3.18332846785,2.45639238815,0.579895342155,0.994751615182,3.14807390238,1.0,616.60223522,0.943574853265
129,0.970241018292,2.79526323048,31.8166452833,1.6487275353,1.15280125614,3.18166452833,2.46310613658,0.580215909027,0.994840462235,3.14805189959,1.0,616.602920772,0.932341851046
130,0.97737121555,2.79682427082,31.7999342427,1.64914816608,1.15344504855,3.17999342427,2.46981570306,0.580538044126,0.994928924976,3.14802875418,1.0,616.603608914,0.921222581244
131,0.984493438663,2.79839283295,31.7831526247,1.64956501654,1.15409194304,3.17831526247,2.47652107572,0.580861729301,0.995016988068,3.14800447425,1.0,616.604299598,0.910211366358
132,0.991607662988,2.79996882891,31.7663014967,1.64997807356,1.15474190334,3.17663014967,2.48322224302,0.581186946373,0.995104636336,3.14797906808,1.0,616.604992775,0.899302954373
133,0.998713864495,2.80155217063,31.7493819258,1.65038732431,1.15539489312,3.17493819258,2.48991919378,0.581513677134,0.995191854767,3.14795254415,1.0,616.605688397,0.888492476264
134,1.00581201976,2.8031427699,31.7323949783,1.65079275621,1.15605087599,3.17323949783,2.49661191714,0.581841903352,0.99527862851,3.14792491114,1.0,616.606386415,0.877775408762
135,1.01290210595,2.80474053837,31.7153417196,1.65119435695,1.15670981555,3.17153417196,2.50330040259,0.582171606771,0.995364942884,3.14789617788,1.0,616.607086782,0.867147541601
136,1.01998410086,2.80634538763,31.6982232144,1.6515921145,1.1573716753,3.16982232144,2.50998463995,0.582502769111,0.995450783377,3.14786635343,1.0,616.607789449,0.856604948614
137,1.02705798286,2.80795722912,31.6810405262,1.65198601708,1.15803641874,3.16810405262,2.51666461937,0.582835372073,0.995536135647,3.14783544698,1.0,616.608494368,0.846143962138
138,1.03412373093,2.80957597421,31.6637947177,1.65237605317,1.15870400931,3.16637947177,2.52334033135,0.583169397339,0.995620985527,3.14780346793,1.0,616.609201492,0.835761150274
139,1.04118132464,2.81120153419,31.64648685,1.65276221152,1.15937441042,3.164648685,2.53001176671,0.583504826572,0.995705319023,3.14777042584,1.0,616.609910772,0.825453296629
140,1.04823074415,2.81283382024,31.6291179832,1.65314448115,1.16004758545,3.16291179832,2.53667891659,0.58384164142,0.995789122322,3.14773633042,1.0,616.610622161,0.815217382221
141,1.05527197021,2.8144727435,31.6116891759,1.65352285133,1.16072349774,3.16116891759,2.54334177247,0.584179823517,0.995872381786,3.14770119157,1.0,616.611335612,0.805050569262
142,1.06230498416,2.81611821504,31.5942014851,1.65389731159,1.16140211063,3.15942014851,2.55000032617,0.584519354484,0.995955083961,3.14766501933,1.0,616.612051077,0.794950186592
143,1.06932976792,2.81777014586,31.5766559663,1.65426785172,1.1620833874,3.15766559663,2.5566545698,0.58486021593,0.996037215575,3.14762782391,1.0,616.61276851,0.784913716569
144,1.07634630399,2.81942844692,31.5590536733,1.65463446176,1.16276729134,3.15590536733,2.56330449582,0.585202389454,0.996118763541,3.14758961566,1.0,616.613487862,0.774938783238
145,1.08335457545,2.82109302913,31.541395658,1.65499713203,1.16345378571,3.1541395658,2.56995009701,0.585545856649,0.996199714955,3.1475504051,1.0,616.614209088,0.76502314162
146,1.09035456595,2.82276380338,31.5236829705,1.65535585309,1.16414283375,3.15236829705,2.57659136646,0.585890599098,0.996280057105,3.14751020286,1.0,616.614932141,0.75516466802
147,1.09734625972,2.82444068053,31.5059166589,1.65571061574,1.1648343987,3.15059166589,2.58322829757,0.586236598382,0.996359777463,3.14746901975,1.0,616.615656973,0.745361351206
148,1.10432964153,2.82612357139,31.4880977693,1.65606141105,1.16552844378,3.14880977693,2.58986088407,0.586583836075,0.996438863696,3.1474268667,1.0,616.61638354,0.735611284404
149,1.11130469677,2.8278123868,31.4702273455,1.65640823035,1.16622493221,3.14702273455,2.59648912001,0.58693229375,0.996517303659,3.14738375476,1.0,616.617111794,0.725912657952
150,1.11827141134,2.82950703756,31.4523064291,1.65675106519,1.16692382722,3.14523064291,2.60311299974,0.58728195298,0.996595085401,3.14733969515,1.0,616.61784169,0.716263752669
151,1.12522977173,2.83120743449,31.4343360595,1.65708990741,1.16762509202,3.14343360595,2.60973251791,0.587632795336,0.996672197166,3.14729469918,1.0,616.618573181,0.706662933715
152,1.13217976496,2.83291348841,31.4163172734,1.65742474905,1.16832868983,3.14163172734,2.6163476695,0.587984802394,0.996748627391,3.1472487783,1.0,616.619306223,0.697108644992
153,1.13912137863,2.83462511014,31.3982511054,1.65775558244,1.16903458388,3.13982511054,2.62295844977,0.58833795573,0.99682436471,3.14720194408,1.0,616.620040769,0.687599404008
154,1.14605460086,2.83634221054,31.3801385871,1.65808240014,1.1697427374,3.13801385871,2.62956485431,0.588692236926,0.996899397955,3.14715420821,1.0,616.620776775,0.678133797148
155,1.15297942035,2.83806470049,31.3619807479,1.65840519494,1.17045311364,3.13619807479,2.636166879,0.589047627572,0.996973716154,3.14710558249,1.0,616.621514196,0.668710475317
156,1.1598958263,2.8397924909,31.343778614,1.65872395989,1.17116567585,3.13437786139,2.64276452001,0.58940410926,0.997047308537,3.14705607883,1.0,616.622252986,0.659328149932
157,1.16680380849,2.84152549272,31.325533209,1.65903868827,1.17188038731,3.1325533209,2.64935777381,0.589761663597,0.99712016453,3.14700570923,1.0,616.622993101,0.649985589211
158,1.1737033572,2.84326361696,31.3072455538,1.6593493736,1.17259721132,3.13072455538,2.65594663719,0.590120272195,0.997192273762,3.14695448583,1.0,616.623734497,0.640681614744
159,1.18059446328,2.84500677465,31.2889166661,1.65965600966,1.17331611119,3.12889166661,2.6625311072,0.590479916678,0.997263626062,3.14690242084,1.0,616.624477128,0.631415098325
160,1.18747711806,2.8467548769,31.2705475605,1.65995859045,1.17403705025,3.12705475605,2.6691111812,0.590840578686,0.99733421146,3.14684952656,1.0,616.625220953,0.622184959004
161,1.19435131343,2.84850783489,31.2521392488,1.66025711019,1.17475999189,3.12521392488,2.67568685683,0.591202239868,0.997404020189,3.14679581541,1.0,616.625965925,0.612990160359
162,1.20121704179,2.85026555986,31.2336927394,1.66055156336,1.17548489948,3.12336927394,2.68225813202,0.591564881891,0.997473042685,3.14674129988,1.0,616.626712003,0.603829707959
163,1.20807429607,2.85202796312,31.2152090376,1.66084194467,1.17621173646,3.12152090376,2.68882500499,0.591928486437,0.997541269586,3.14668599256,1.0,616.627459142,0.594702646999
164,1.21492306967,2.85379495608,31.1966891452,1.66112824904,1.17694046629,3.11966891452,2.69538747423,0.592293035206,0.997608691735,3.14662990609,1.0,616.628207299,0.585608060107
165,1.22176335656,2.85556645023,31.1781340609,1.66141047164,1.17767105247,3.11781340609,2.70194553851,0.592658509916,0.997675300176,3.14657305323,1.0,616.628956432,0.576545065289
166,1.22859515117,2.85734235714,31.1595447798,1.66168860787,1.17840345852,3.11595447798,2.70849919688,0.593024892305,0.99774108616,3.14651544679,1.0,616.629706498,0.567512814016
167,1.23541844844,2.8591225885,31.1409222935,1.66196265335,1.17913764803,3.11409222935,2.71504844869,0.593392164132,0.997806041141,3.14645709966,1.0,616.630457454,0.558510489438
168,1.24223324384,2.86090705608,31.1222675901,1.66223260392,1.17987358461,3.11222675901,2.72159329351,0.59376030718,0.997870156777,3.1463980248,1.0,616.631209258,0.54953730471
169,1.24903953328,2.8626956718,31.1035816542,1.66249845564,1.18061123193,3.11035816542,2.72813373123,0.594129303251,0.997933424932,3.14633823523,1.0,616.631961868,0.540592501426
170,1.25583731321,2.86448834766,31.0848654665,1.66276020482,1.18135055371,3.10848654665,2.73466976198,0.594499134175,0.997995837672,3.14627774403,1.0,616.632715243,0.531675348153
171,1.26262658054,2.86628499579,31.0661200042,1.66301784797,1.1820915137,3.10661200042,2.74120138617,0.594869781806,0.998057387269,3.14621656435,1.0,616.633469341,0.522785139055
172,1.26940733267,2.86808552845,31.0473462406,1.66327138181,1.18283407572,3.10473462406,2.74772860445,0.595241228025,0.9981180662,3.14615470939,1.0,616.63422412,0.513921192601
173,1.27617956748,2.86988985803,31.0285451452,1.6635208033,1.18357820363,3.10285451452,2.75425141777,0.595613454742,0.998177867146,3.14609219239,1.0,616.63497954,0.505082850352
174,1.28294328332,2.87169789706,31.0097176837,1.66376610961,1.18432386137,3.10097176837,2.7607698273,0.595986443892,0.998236782991,3.14602902667,1.0,616.63573556,0.496269475818
175,1.289698479,2.87350955821,30.9908648177,1.66400729811,1.18507101292,3.09908648177,2.76728383448,0.596360177443,0.998294806824,3.14596522557,1.0,616.636492139,0.487480453386
176,1.29644515384,2.8753247543,30.9719875049,1.6642443664,1.18581962231,3.09719875049,2.77379344102,0.596734637392,0.998351931938,3.14590080249,1.0,616.637249237,0.478715187305
177,1.30318330756,2.87714339829,30.9530866991,1.66447731229,1.18656965367,3.09530866991,2.78029864886,0.597109805771,0.998408151828,3.14583577085,1.0,616.638006815,0.469973100737
178,1.3099129404,2.8789654033,30.9341633499,1.66470613379,1.18732107115,3.09341633499,2.7867994602,0.597485664639,0.998463460195,3.14577014412,1.0,616.638764832,0.461253634852
179,1.31663405301,2.88079068263,30.9152184027,1.66493082913,1.188073839,3.09152184027,2.79329587747,0.597862196095,0.998517850939,3.1457039358,1.0,616.639523249,0.452556247983
180,1.32334664652,2.88261914971,30.896252799,1.66515139675,1.18882792152,3.0896252799,2.79978790336,0.598239382268,0.998571318165,3.14563715944,1.0,616.640282026,0.443880414819
181,1.33005072248,2.88445071818,30.877267476,1.66536783527,1.18958328309,3.0877267476,2.80627554081,0.598617205324,0.998623856178,3.14556982859,1.0,616.641041125,0.435225625647
182,1.33674628291,2.88628530183,30.8582633664,1.66558014353,1.19033988816,3.08582633664,2.81275879297,0.598995647468,0.998675459486,3.14550195683,1.0,616.641800507,0.426591385636
183,1.34343333025,2.88812281463,30.8392413989,1.6657883206,1.19109770125,3.08392413989,2.81923766325,0.59937469094,0.998726122796,3.14543355779,1.0,616.642560133,0.417977214153
184,1.35011186739,2.88996317075,30.8202024979,1.6659923657,1.19185668696,3.08202024979,2.82571215528,0.599754318018,0.998775841016,3.14536464509,1.0,616.643319966,0.409382644127
185,1.35678189763,2.89180628453,30.8011475833,1.66619227828,1.19261680996,3.08011475833,2.83218227294,0.600134511022,0.998824609254,3.14529523237,1.0,616.644079967,0.400807221414
186,1.36344342472,2.89365207051,30.7820775707,1.66638805798,1.193378035,3.07820775707,2.83864802033,0.600515252309,0.998872422816,3.1452253333,1.0,616.644840099,0.39225050425
187,1.37009645281,2.89550044342,30.7629933712,1.66657970464,1.19414032694,3.07629933712,2.84510940177,0.60089652428,0.998919277205,3.14515496154,1.0,616.645600324,0.383712062677
188,1.3767409865,2.89735131821,30.7438958914,1.66676721829,1.19490365067,3.07438958914,2.8515664218,0.601278309376,0.998965168123,3.14508413078,1.0,616.646360605,0.375191478026
189,1.38337703077,2.89920461002,30.7247860337,1.66695059915,1.19566797122,3.07247860337,2.8580190852,0.60166059008,0.999010091469,3.14501285469,1.0,616.647120905,0.36668834242
190,1.39000459103,2.90106023419,30.7056646955,1.66712984765,1.19643325366,3.07056646955,2.86446739697,0.602043348922,0.999054043335,3.14494114698,1.0,616.647881188,0.358202258299
191,1.39662367309,2.90291810628,30.6865327701,1.66730496438,1.19719946317,3.06865327701,2.8709113623,0.602426568472,0.99909702001,3.14486902133,1.0,616.648641417,0.349732837967
192,1.40323428316,2.90477814208,30.667391146,1.66747595013,1.19796656502,3.0667391146,2.87735098662,0.602810231349,0.999139017977,3.14479649142,1.0,616.649401557,0.341279703166
193,1.40983642787,2.90664025759,30.6482407071,1.66764280589,1.19873452457,3.06482407071,2.88378627556,0.603194320215,0.99918003391,3.14472357093,1.0,616.650161571,0.332842484665
194,1.41643011421,2.90850436902,30.6290823327,1.66780553283,1.19950330727,3.06290823327,2.89021723497,0.60357881778,0.999220064678,3.14465027355,1.0,616.650921424,0.324420821866
195,1.42301534959,2.91037039283,30.6099168974,1.66796413228,1.20027287865,3.06099168974,2.8966438709,0.603963706802,0.999259107338,3.14457661293,1.0,616.65168108,0.316014362434
196,1.4295921418,2.9122382457,30.5907452713,1.66811860578,1.20104320435,3.05907452713,2.9030661896,0.604348970085,0.999297159139,3.14450260273,1.0,616.652440506,0.307622761939
197,1.43616049899,2.91410784453,30.5715683194,1.66826895504,1.20181425012,3.05715683194,2.90948419754,0.604734590484,0.999334217518,3.14442825658,1.0,616.653199665,0.299245683516
198,1.44272042971,2.91597910648,30.5523869024,1.66841518194,1.20258598177,3.05523869024,2.91589790136,0.605120550902,0.999370280101,3.14435358811,1.0,616.653958524,0.290882797539
199,1.44927194288,2.91785194895,30.5332018761,1.66855728855,1.20335836525,3.05332018761,2.92230730792,0.605506834293,0.999405344699,3.14427861092,1.0,616.654717049,0.282533781305
200,1.4558150478,2.91972628957,30.5140140914,1.66869527712,1.20413136659,3.05140140914,2.92871242427,0.605893423663,0.99943940931,3.14420333858,1.0,616.655475205,0.27419831874
201,1.46234975412,2.92160204622,30.4948243945,1.66882915004,1.20490495192,3.04948243945,2.93511325766,0.606280302067,0.999472472116,3.14412778465,1.0,616.656232959,0.265876100112
202,1.46887607185,2.92347913705,30.4756336269,1.66895890992,1.20567908747,3.04756336269,2.94150981552,0.606667452614,0.999504531483,3.14405196267,1.0,616.656990278,0.25756682175
203,1.47539401138,2.92535748043,30.4564426252,1.66908455951,1.2064537396,3.04564426252,2.94790210546,0.607054858466,0.999535585957,3.14397588612,1.0,616.657747128,0.249270185789
204,1.48190358343,2.92723699501,30.4372522211,1.66920610173,1.20722887474,3.04372522211,2.9542901353,0.607442502836,0.999565634267,3.14389956849,1.0,616.658503477,0.240985899909
205,1.4884047991,2.92911759971,30.4180632416,1.66932353968,1.20800445946,3.04180632416,2.96067391301,0.607830368994,0.99959467532,3.1438230232,1.0,616.659259292,0.232713677097
206,1.49489766979,2.93099921367,30.3988765087,1.66943687661,1.20878046041,3.03988765087,2.96705344677,0.608218440263,0.999622708203,3.14374626366,1.0,616.660014542,0.224453235408
207,1.5013822073,2.93288175635,30.3796928396,1.66954611596,1.20955684438,3.03796928396,2.97342874492,0.608606700022,0.999649732178,3.14366930324,1.0,616.660769193,0.216204297742
208,1.50785842372,2.93476514742,30.3605130465,1.66965126132,1.21033357824,3.03605130465,2.97979981599,0.608995131706,0.999675746685,3.14359215525,1.0,616.661523215,0.207966591628
209,1.5143263315,2.93664930688,30.3413379368,1.66975231642,1.21111062898,3.03413379368,2.98616666868,0.609383718804,0.999700751334,3.14351483299,1.0,616.662276575,0.199739849011
210,1.52078594342,2.93853415495,30.3221683131,1.66984928518,1.21188796372,3.03221683131,2.99252931183,0.609772444865,0.999724745914,3.14343734969,1.0,616.663029244,0.191523806057
211,1.52723727258,2.94041961216,30.3030049729,1.66994217166,1.21266554968,3.03030049729,2.9988877545,0.610161293494,0.99974773038,3.14335971856,1.0,616.663781189,0.183318202944
212,1.5336803324,2.94230559931,30.2838487088,1.6700309801,1.21344335419,3.02838487088,3.00524200589,0.610550248354,0.999769704859,3.14328195273,1.0,616.664532381,0.17512278369
213,1.54011513663,2.94419203748,30.2647003085,1.67011571487,1.21422134471,3.02647003085,3.01159207535,0.610939293165,0.999790669649,3.14320406531,1.0,616.665282788,0.166937295962
214,1.54654169932,2.94607884802,30.2455605549,1.6701963805,1.21499948879,3.02455605549,3.01793797241,0.611328411708,0.999810625212,3.14312606935,1.0,616.666032382,0.1587614909
215,1.55296003486,2.94796595258,30.2264302256,1.67027298169,1.21577775414,3.02264302256,3.02427970676,0.611717587823,0.999829572176,3.14304797784,1.0,616.666781132,0.150595122949
216,1.55937015792,2.9498532731,30.2073100937,1.67034552326,1.21655610855,3.02073100937,3.03061728825,0.612106805408,0.999847511336,3.14296980373,1.0,616.667529008,0.142437949691
217,1.56577208348,2.9517407318,30.1882009269,1.67041401021,1.21733451994,3.01882009269,3.03695072687,0.612496048425,0.999864443648,3.14289155991,1.0,616.668275982,0.134289731685
218,1.57216582683,2.9536282512,30.1691034883,1.67047844767,1.21811295637,3.01691034883,3.04328003276,0.612885300892,0.999880370227,3.14281325919,1.0,616.669022024,0.126150232312
219,1.57855140356,2.9555157541,30.150018536,1.67053884092,1.218891386,3.0150018536,3.04960521623,0.613274546892,0.999895292353,3.14273491436,1.0,616.669767105,0.118019217623
220,1.58492882952,2.95740316362,30.1309468228,1.67059519538,1.21966977711,3.01309468228,3.05592628773,0.613663770567,0.99990921146,3.14265653811,1.0,616.670511198,0.10989645619
221,1.59129812089,2.95929040316,30.1118890969,1.67064751664,1.22044809812,3.01118890969,3.06224325784,0.614052956123,0.999922129141,3.14257814309,1.0,616.671254275,0.101781718967
222,1.59765929411,2.96117739642,30.0928461015,1.6706958104,1.22122631756,3.00928461015,3.06855613731,0.614442087827,0.999934047142,3.14249974189,1.0,616.671996306,0.0936747791423
223,1.60401236592,2.96306406741,30.0738185747,1.6707400825,1.2220044041,3.00738185747,3.07486493701,0.614831150009,0.999944967364,3.14242134701,1.0,616.672737265,0.0855754120102
224,1.61035735332,2.96495034044,30.0548072497,1.67078033896,1.22278232651,3.00548072497,3.08116966795,0.615220127062,0.999954891861,3.1423429709,1.0,616.673477124,0.0774833948319
225,1.6166942736,2.96683614012,30.0358128548,1.67081658589,1.22356005371,3.00358128548,3.0874703413,0.615609003444,0.999963822835,3.14226462594,1.0,616.674215855,0.0693985067076
226,1.62302314431,2.96872139138,30.0168361132,1.67084882957,1.22433755473,3.00168361132,3.09376696833,0.615997763675,0.999971762639,3.14218632444,1.0,616.674953434,0.061320528448
227,1.62934398327,2.97060601945,29.9978777433,1.67087707639,1.22511479873,2.99978777433,3.10005956047,0.616386392339,0.999978713772,3.14210807862,1.0,616.675689831,0.0532492424498
228,1.63565680857,2.97248994987,29.9789384585,1.6709013329,1.22589175502,2.99789384585,3.10634812927,0.616774874086,0.999984678878,3.14202990067,1.0,616.676425022,0.045184432571
229,1.64196163856,2.9743731085,29.9600189672,1.67092160575,1.22666839302,2.99600189672,3.1126326864,0.617163193631,0.999989660748,3.14195180265,1.0,616.67715898,0.0371258840147
230,1.64825849183,2.9762554215,29.9411199731,1.67093790175,1.22744468226,2.99411199731,3.11891324367,0.617551335751,0.99999366231,3.14187379658,1.0,616.67789168,0.0290733832055
231,1.65454738725,2.97813681535,29.9222421746,1.67095022784,1.22822059244,2.99222421746,3.125189813,0.617939285292,0.999996686639,3.1417958944,1.0,616.678623095,0.0210267176763
232,1.66082834391,2.98001721685,29.9033862654,1.67095859106,1.22899609336,2.99033862654,3.13146240644,0.618327027164,0.999998736944,3.14171810796,1.0,616.679353201,0.0129856759526
233,1.66710138118,2.98189655312,29.8845529343,1.6709629986,1.22977115496,2.98845529343,3.13773103617,0.618714546343,0.999999816574,3.14164044903,1.0,616.680081972,0.00495004743724
234,1.67336651862,2.98377475159,29.8657428652,1.67096345777,1.23054574732,2.98657428652,3.14399571444,0.619101827871,0.999999929012,3.14156292932,1.0,616.680809384,0.00308037766998
235,1.67962377584,2.98565173994,29.8469567378,1.670959976,1.23131984062,2.98469567378,3.15025645342,0.619488856842,0.999999077878,3.14148556043,1.0,616.681535413,0.0111058082443
236,1.68587317297,2.98752744628,29.8281952258,1.67095256086,1.23209340519,2.98281952258,3.1565132657,0.619875618436,0.999997266922,3.14140835389,1.0,616.682260033,0.0191264529976
237,1.69211473047,2.98940179903,29.8094589981,1.67094122002,1.23286641153,2.98094589981,3.16276616404,0.620262097904,0.999994500025,3.14133132114,1.0,616.682983221,0.0271425203125
238,1.69834846903,2.99127472698,29.7907487184,1.67092596128,1.23363883027,2.97907487184,3.16901516134,0.620648280567,0.999990781198,3.14125447355,1.0,616.683704953,0.0351542182426
239,1.70457440955,2.99314615922,29.7720650458,1.67090679256,1.23441063215,2.97720650458,3.17526027058,0.621034151811,0.999986114578,3.14117782237,1.0,616.684425206,0.0431617546173
240,1.71079257315,2.99501602515,29.7534086343,1.67088372189,1.23518178807,2.97534086343,3.18150150485,0.62141969709,0.999980504428,3.14110137879,1.0,616.685143956,0.0511653371545
241,1.7170029812,2.99688425454,29.7347801334,1.67085675743,1.23595226906,2.97347801334,3.18773887737,0.621804901925,0.999973955136,3.14102515391,1.0,616.685861181,0.0591651735603
242,1.72320551347,2.99875073477,29.7161806126,1.67082590818,1.23672202868,2.97161806126,3.19397225887,0.622189743109,0.999966471393,3.14094916046,1.0,616.686576841,0.0671612887755
243,1.7294000912,3.00061536596,29.6976110124,1.67079118341,1.23749102572,2.96976110124,3.20020156138,0.622574200052,0.999958058038,3.14087341058,1.0,616.687290902,0.075153760594
244,1.73558690096,3.00247812833,29.6790714737,1.67075259097,1.23825925205,2.96790714737,3.20642696358,0.62295826869,0.999948719668,3.14079791305,1.0,616.688003361,0.0831430091217
245,1.74176596526,3.00433895306,29.6605626253,1.67071013962,1.23902667926,2.96605626253,3.21264847923,0.623341934837,0.999938461184,3.14072267859,1.0,616.688714196,0.0911292432161
246,1.74793730685,3.00619777163,29.642085091,1.67066383822,1.23979327911,2.9642085091,3.21886612223,0.623725184381,0.999927287602,3.14064771782,1.0,616.689423385,0.0991126722824
247,1.75410094871,3.00805451591,29.6236394896,1.67061369573,1.2405590235,2.96236394896,3.22507990658,0.624108003281,0.999915204049,3.14057304127,1.0,616.690130907,0.107093506383
248,1.76025691405,3.00990911809,29.6052264351,1.67055972122,1.24132388446,2.96052264351,3.23128984642,0.624490377566,0.999902215767,3.14049865937,1.0,616.69083674,0.115071956349
249,1.76640522628,3.01176151071,29.5868465367,1.67050192387,1.24208783417,2.95868465367,3.237495956,0.624872293339,0.999888328105,3.14042458244,1.0,616.691540864,0.123048233887
250,1.77254590905,3.01361162666,29.5685003987,1.67044031297,1.24285084495,2.95685003987,3.23877502987,0.625253736775,0.999885410119,3.14040993675,1.0,616.692243258,0.124691767351
251,1.77867898621,3.01545939918,29.5501886206,1.67037489789,1.24361288927,2.95501886206,3.23244570747,0.625634694121,0.999899873429,3.14048679393,1.0,616.692943901,0.116554872819
252,1.78480448184,3.01730476186,29.5319117971,1.67030568812,1.24437393975,2.95319117971,3.22611258253,0.626015151694,0.999913368379,3.14056377467,1.0,616.693642773,0.108416236211
253,1.79092242022,3.01914764863,29.513670518,1.67023269325,1.24513396913,2.9513670518,3.21977565954,0.626395095887,0.999925892921,3.14064086695,1.0,616.694339854,0.100275656982
254,1.79703282582,3.02098799377,29.4954653686,1.67015592296,1.24589295031,2.94954653686,3.21343494307,0.626774513162,0.99993744516,3.14071805875,1.0,616.695035124,0.0921329354759
255,1.80313572332,3.02282573192,29.4772969291,1.67007538703,1.24665085633,2.94772969291,3.20709043777,0.627153390055,0.999948023351,3.14079533797,1.0,616.695728564,0.0839878728175
256,1.80923113762,3.02466079806,29.4591657753,1.66999109534,1.24740766038,2.94591657753,3.20074214839,0.627531713173,0.999957625904,3.14087269252,1.0,616.696420154,0.0758402707837
257,1.81531909378,3.02649312752,29.441072478,1.66990305786,1.24816333579,2.9441072478,3.19439007978,0.627909469198,0.999966251382,3.14095011028,1.0,616.697109874,0.0676899316999
258,1.82139961709,3.02832265597,29.4230176037,1.66981128465,1.24891785604,2.94230176037,3.18803423687,0.628286644882,0.9999738985,3.14102757909,1.0,616.697797707,0.0595366583112
259,1.82747273298,3.03014931945,29.4050017138,1.66971578589,1.24967119473,2.94050017138,3.18167462469,0.62866322705,0.999980566128,3.14110508678,1.0,616.698483634,0.0513802536787
260,1.83353846711,3.03197305434,29.3870253652,1.66961657182,1.25042332563,2.93870253652,3.17531124834,0.6290392026,0.999986253293,3.14118262115,1.0,616.699167635,0.0432205210585
261,1.83959684531,3.03379379736,29.3690891104,1.66951365278,1.25117422266,2.93690891104,3.16894411302,0.629414558502,0.999990959174,3.14126016998,1.0,616.699849694,0.0350572637886
262,1.84564789358,3.03561148559,29.3511934971,1.6694070392,1.25192385984,2.93511934971,3.16257322402,0.629789281799,0.999994683109,3.14133772105,1.0,616.700529791,0.0268902851782
263,1.85169163809,3.03742605646,29.3333390684,1.66929674161,1.25267221139,2.93333390684,3.15619858673,0.630163359604,0.999997424588,3.1414152621,1.0,616.701207909,0.0187193883887
264,1.85772810521,3.03923744775,29.3155263628,1.66918277061,1.25341925165,2.93155263628,3.1498202066,0.630536779106,0.999999183261,3.14149278087,1.0,616.70188403,0.0105443763197
265,1.86375732146,3.04104559757,29.2977559145,1.66906513689,1.25416495508,2.92977559145,3.14343808921,0.630909527564,0.999999958934,3.14157026509,1.0,616.702558138,0.00236505149903
266,1.86977931354,3.04285044442,29.280028253,1.66894385124,1.25490929632,2.9280028253,3.13705224018,0.63128159231,0.999999751569,3.14164770248,1.0,616.703230214,0.00581878403885
267,1.87579410829,3.0446519271,29.2623439034,1.66881892451,1.25565225013,2.92623439034,3.13066266525,0.631652960748,0.999998561286,3.14172508073,1.0,616.703900242,0.0140073288711
268,1.88180173273,3.04644998478,29.2447033862,1.66869036766,1.25639379144,2.92447033862,3.12426937024,0.632023620354,0.999996388363,3.14180238757,1.0,616.704568206,0.0222007822924
269,1.88780221404,3.048244557,29.2271072176,1.6685581917,1.2571338953,2.92271072176,3.11787236105,0.632393558677,0.999993233235,3.14187961067,1.0,616.705234088,0.0303993444439
270,1.89379557955,3.05003558362,29.2095559094,1.66842240775,1.25787253691,2.92095559094,3.11147164369,0.632762763336,0.999989096498,3.14195673774,1.0,616.705897873,0.0386032164296
271,1.89978185675,3.05182300484,29.1920499689,1.66828302699,1.25860969161,2.91920499689,3.10506722422,0.633131222025,0.999983978902,3.14203375648,1.0,616.706559544,0.0468126004364
272,1.90576107326,3.05360676124,29.174589899,1.66814006069,1.25934533489,2.9174589899,3.09865910882,0.633498922507,0.999977881359,3.14211065458,1.0,616.707219086,0.0550276998566
273,1.91173325685,3.05538679372,29.1571761985,1.6679935202,1.26007944238,2.91571761985,3.09224730375,0.63386585262,0.99997080494,3.14218741973,1.0,616.707876482,0.0632487194123
274,1.91769843547,3.05716304354,29.1398093616,1.66784341694,1.26081198985,2.91398093616,3.08583181534,0.63423200027,0.999962750871,3.14226403965,1.0,616.708531717,0.0714758652815
275,1.92365663716,3.05893545231,29.1224898783,1.6676897624,1.26154295322,2.91224898783,3.07941265003,0.634597353438,0.999953720542,3.14234050205,1.0,616.709184777,0.079709345226
276,1.92960789013,3.06070396195,29.1052182345,1.66753256815,1.26227230855,2.91052182345,3.07298981433,0.634961900173,0.999943715499,3.14241679465,1.0,616.709835645,0.0879493687212
277,1.93555222271,3.06246851478,29.0879949115,1.66737184585,1.26300003204,2.90879949115,3.06656331484,0.6353256286,0.999932737447,3.14249290517,1.0,616.710484307,0.0961961470901
278,1.94148966338,3.06422905342,29.0708203868,1.66720760721,1.26372610003,2.90708203868,3.06013315824,0.63568852691,0.999920788251,3.14256882138,1.0,616.711130748,0.104449893637
279,1.94742024073,3.06598552086,29.0536951334,1.66703986402,1.264450489,2.90536951334,3.05369935133,0.63605058337,0.999907869936,3.14264453102,1.0,616.711774954,0.112710823788
280,1.95334398349,3.06773786041,29.0366196203,1.66686862814,1.26517317559,2.90366196203,3.04726190095,0.636411786316,0.999893984686,3.14272002188,1.0,616.71241691,0.12097915523
281,1.9592609205,3.06948601575,29.0195943121,1.66669391152,1.26589413655,2.90195943121,3.04082081405,0.636772124153,0.999879134841,3.14279528175,1.0,616.713056602,0.129255108056
282,1.96517108075,3.07122993088,29.0026196697,1.66651572614,1.26661334879,2.90026196697,3.03437609767,0.637131585361,0.999863322905,3.14287029845,1.0,616.713694016,0.137538904915
283,1.97107449332,3.07296955015,28.9856961496,1.66633408408,1.26733078937,2.89856961496,3.02792775893,0.637490158487,0.999846551537,3.14294505981,1.0,616.714329139,0.145830771161
284,1.97697118742,3.07470481825,28.9688242043,1.66614899749,1.26804643548,2.89688242043,3.02147580503,0.63784783215,0.999828823557,3.14301955372,1.0,616.714961956,0.154130935012
285,1.98286119238,3.07643568022,28.9520042824,1.66596047855,1.26876026444,2.89520042824,3.01502024328,0.638204595039,0.999810141943,3.14309376805,1.0,616.715592455,0.162439627708
286,1.98874453762,3.07816208142,28.9352368282,1.66576853955,1.26947225372,2.89352368282,3.00856108104,0.638560435915,0.99979050983,3.14316769073,1.0,616.716220622,0.170757083678
287,1.99462125269,3.07988396755,28.9185222822,1.66557319282,1.27018238093,2.89185222822,3.00209832578,0.638915343605,0.999769930514,3.1432413097,1.0,616.716846444,0.179083540707
288,2.00049136725,3.08160128467,28.9018610811,1.66537445077,1.27089062383,2.89018610811,2.99563198506,0.639269307011,0.999748407447,3.14331461296,1.0,616.717469908,0.187419240112
289,2.00635491103,3.08331397917,28.8852536574,1.66517232585,1.2715969603,2.88852536574,2.98916206652,0.639622315101,0.999725944241,3.14338758852,1.0,616.718091002,0.195764426924
290,2.01221191391,3.08502199775,28.8687004397,1.6649668306,1.27230136836,2.88687004397,2.98268857788,0.639974356913,0.999702544663,3.14346022444,1.0,616.718709712,0.204119350072
291,2.01806240583,3.08672528747,28.8522018529,1.66475797759,1.27300382618,2.88522018529,2.97621152695,0.640325421557,0.999678212638,3.14353250881,1.0,616.719326027,0.212484262576
292,2.02390641684,3.08842379572,28.835758318,1.66454577949,1.27370431207,2.8835758318,2.96973092164,0.64067549821,0.99965295225,3.14360442976,1.0,616.719939935,0.220859421747
293,2.02974397709,3.09011747024,28.819370252,1.66433024901,1.27440280446,2.8819370252,2.96324676992,0.641024576117,0.999626767736,3.14367597547,1.0,616.720551422,0.22924508939
294,2.03557511682,3.09180625906,28.8030380684,1.6641113989,1.27509928194,2.88030380684,2.95675907988,0.641372644594,0.999599663492,3.14374713418,1.0,616.721160478,0.237641532022
295,2.04139986636,3.09349011059,28.7867621765,1.66388924201,1.27579372321,2.87867621765,2.95026785967,0.641719693027,0.999571644068,3.14381789413,1.0,616.721767091,0.246049021086
296,2.04721825612,3.09516897354,28.7705429823,1.66366379122,1.27648610713,2.87705429823,2.94377311754,0.642065710866,0.99954271417,3.14388824365,1.0,616.722371249,0.254467833189
297,2.0530303166,3.09684279697,28.7543808879,1.66343505947,1.27717641268,2.87543808879,2.93727486182,0.642410687633,0.999512878661,3.14395817112,1.0,616.722972941,0.262898250332
298,2.05883607839,3.09851153024,28.7382762915,1.66320305978,1.277864619,2.87382762915,2.93077310094,0.642754612917,0.999482142553,3.14402766494,1.0,616.723572155,0.271340560161
299,2.06463557215,3.10017512308,28.722229588,1.66296780518,1.27855070534,2.8722229588,2.9242678434,0.643097476375,0.999450511017,3.14409671359,1.0,616.724168881,0.279795056226
300,2.07042882862,3.10183352551,28.7062411684,1.66272930881,1.27923465108,2.87062411684,2.91775909781,0.643439267732,0.999417989375,3.1441653056,1.0,616.724763107,0.288262038242
301,2.07621587863,3.10348668791,28.6903114201,1.66248758382,1.27991643578,2.86903114201,2.91124687284,0.64377997678,0.999384583102,3.14423342957,1.0,616.725354823,0.296741812375
302,2.08199675306,3.10513456095,28.6744407271,1.66224264344,1.28059603907,2.86744407271,2.90473117727,0.644119593378,0.999350297824,3.14430107415,1.0,616.725944018,0.30523469153
303,2.08777148288,3.10677709566,28.6586294696,1.66199450095,1.28127344077,2.86586294696,2.89821201996,0.644458107454,0.999315139321,3.14436822803,1.0,616.726530682,0.313740995648
304,2.09354009914,3.10841424336,28.6428780244,1.66174316967,1.28194862081,2.86428780244,2.89168940986,0.644795509002,0.999279113522,3.14443488002,1.0,616.727114805,0.322261052031
305,2.09930263293,3.11004595573,28.6271867648,1.66148866298,1.28262155924,2.86271867648,2.88516335601,0.645131788081,0.999242226506,3.14450101893,1.0,616.727696375,0.330795195665
306,2.10505911542,3.11167218474,28.6115560604,1.66123099432,1.28329223627,2.86115560604,2.87863386753,0.645466934818,0.999204484501,3.1445666337,1.0,616.728275384,0.339343769568
307,2.11080957786,3.11329288269,28.5959862777,1.66097017717,1.28396063222,2.85959862777,2.87210095364,0.645800939408,0.999165893887,3.14463171329,1.0,616.728851822,0.347907125147
308,2.11655405153,3.11490800221,28.5804777795,1.66070622506,1.28462672756,2.85804777795,2.86556462364,0.646133792109,0.999126461188,3.14469624677,1.0,616.729425677,0.35648562258
309,2.12229256779,3.11651749624,28.5650309252,1.66043915157,1.28529050287,2.85650309252,2.85902488693,0.646465483246,0.999086193076,3.14476022326,1.0,616.729996942,0.365079631205
310,2.12802515806,3.11812131804,28.5496460711,1.66016897035,1.28595193889,2.85496460711,2.85248175298,0.646796003211,0.999045096371,3.14482363197,1.0,616.730565607,0.373689529938
311,2.13375185381,3.11971942118,28.5343235697,1.65989569506,1.28661101646,2.85343235697,2.84593523138,0.647125342461,0.999003178037,3.14488646218,1.0,616.731131662,0.382315707705
312,2.13947268657,3.12131175956,28.5190637705,1.65961933945,1.28726771658,2.85190637705,2.83938533177,0.647453491516,0.998960445182,3.14494870326,1.0,616.731695097,0.390958563898
313,2.14518768791,3.12289828738,28.5038670195,1.65933991728,1.28792202034,2.85038670195,2.83283206392,0.647780440964,0.99891690506,3.14501034464,1.0,616.732255905,0.399618508849
314,2.15089688946,3.12447895917,28.4887336597,1.65905744237,1.28857390901,2.84887336597,2.82627543767,0.648106181456,0.998872565066,3.14507137585,1.0,616.732814076,0.408295964338
315,2.1566003229,3.12605372975,28.4736640305,1.65877192861,1.28922336394,2.84736640305,2.81971546294,0.648430703708,0.998827432736,3.14513178653,1.0,616.733369601,0.416991364115
316,2.16229801995,3.12762255428,28.4586584684,1.6584833899,1.28987036665,2.84586584684,2.81315214976,0.648753998501,0.998781515749,3.14519156635,1.0,616.733922472,0.425705154459
317,2.16799001239,3.12918538821,28.4437173063,1.65819184021,1.29051489876,2.84437173063,2.80658550825,0.649076056679,0.998734821923,3.14525070512,1.0,616.73447268,0.43443779476
318,2.17367633203,3.13074218729,28.4288408743,1.65789729354,1.29115694203,2.84288408743,2.8000155486,0.649396869151,0.998687359213,3.14530919273,1.0,616.735020217,0.443189758136
319,2.17935701072,3.13229290761,28.4140294992,1.65759976394,1.29179647834,2.84140294992,2.79344228112,0.649716426889,0.998639135714,3.14536701914,1.0,616.735565075,0.451961532084
320,2.18503208036,3.13383750555,28.3992835047,1.65729926551,1.2924334897,2.83992835047,2.78686571619,0.65003472093,0.998590159657,3.14542417444,1.0,616.736107244,0.46075361916
321,2.19070157288,3.13537593779,28.3846032112,1.65699581239,1.29306795825,2.83846032112,2.78028586428,0.650351742371,0.998540439408,3.14548064878,1.0,616.736646718,0.469566537707
322,2.19636552026,3.13690816133,28.3699889363,1.65668941875,1.29369986625,2.83699889363,2.77370273598,0.650667482375,0.998489983467,3.14553643246,1.0,616.737183489,0.47840082262
323,2.20202395449,3.13843413346,28.3554409944,1.65638009881,1.2943291961,2.83554409944,2.76711634194,0.650981932168,0.998438800468,3.14559151582,1.0,616.737717548,0.487257026147
324,2.20767690763,3.13995381178,28.3409596969,1.65606786685,1.2949559303,2.83409596969,2.76052669292,0.651295083035,0.998386899177,3.14564588935,1.0,616.738248888,0.496135718752
325,2.21332441175,3.14146715419,28.3265453521,1.65575273717,1.2955800515,2.83265453521,2.75393379975,0.651606926328,0.998334288491,3.14569954362,1.0,616.738777501,0.505037490017
326,2.21896649893,3.14297411889,28.3121982656,1.65543472411,1.29620154245,2.83121982656,2.7473376734,0.651917453457,0.998280977434,3.14575246933,1.0,616.739303381,0.513962949603
327,2.22460320133,3.1444746644,28.2979187397,1.65511384207,1.29682038604,2.82979187397,2.74073832488,0.652226655898,0.998226975162,3.14580465726,1.0,616.739826519,0.522912728266
328,2.23023455109,3.1459687495,28.283707074,1.65479010547,1.29743656528,2.8283707074,2.73413576532,0.652534525184,0.998172290954,3.14585609831,1.0,616.740346908,0.531887478939
329,2.23586058041,3.1474563333,28.269563565,1.65446352878,1.2980500633,2.8269563565,2.72753000595,0.652841052914,0.998116934219,3.14590678351,1.0,616.740864542,0.540887877884
330,2.24148132148,3.14893737519,28.2554885064,1.65413412652,1.29866086336,2.82554885064,2.72092105806,0.653146230746,0.998060914485,3.14595670398,1.0,616.741379413,0.549914625906
331,2.24709680655,3.15041183487,28.2414821892,1.65380191321,1.29926894884,2.82414821892,2.71430893308,0.653450050398,0.998004241408,3.14600585097,1.0,616.741891515,0.558968449658
332,2.25270706787,3.15187967231,28.2275449012,1.65346690346,1.29987430322,2.82275449012,2.7076936425,0.653752503651,0.997946924761,3.14605421584,1.0,616.74240084,0.568050103025
333,2.25831213772,3.15334084781,28.2136769277,1.65312911188,1.30047691013,2.82136769277,2.70107519792,0.654053582345,0.997888974441,3.14610179007,1.0,616.742907382,0.577160368597
334,2.26391204838,3.15479532193,28.199878551,1.65278855314,1.30107675331,2.8199878551,2.69445361102,0.654353278382,0.997830400459,3.14614856527,1.0,616.743411135,0.586300059246
335,2.26950683218,3.15624305553,28.1861500508,1.65244524192,1.30167381661,2.81861500508,2.68782889359,0.654651583721,0.997771212947,3.14619453316,1.0,616.743912091,0.59547001981
336,2.27509652143,3.15768400977,28.1724917039,1.65209919298,1.30226808403,2.81724917039,2.68120105751,0.654948490385,0.99771142215,3.14623968559,1.0,616.744410246,0.604671128891
337,2.28068114849,3.15911814608,28.1589037845,1.65175042108,1.30285953965,2.81589037845,2.67457011474,0.655243990453,0.997651038429,3.14628401454,1.0,616.744905591,0.61390430078
338,2.2862607457,3.16054542621,28.1453865639,1.65139894102,1.30344816769,2.81453865639,2.66793607737,0.655538076066,0.997590072255,3.14632751212,1.0,616.745398122,0.623170487521
339,2.29183534545,3.16196581217,28.1319403109,1.65104476766,1.30403395249,2.81319403109,2.66129895754,0.655830739423,0.997528534212,3.14637017054,1.0,616.745887832,0.632470681125
340,2.2974049801,3.16337926626,28.1185652916,1.65068791588,1.3046168785,2.81185652916,2.65465876753,0.656121972782,0.997466434992,3.14641198219,1.0,616.746374715,0.641805915945
341,2.30296968205,3.16478575108,28.1052617693,1.65032840058,1.3051969303,2.81052617693,2.64801551969,0.656411768461,0.997403785394,3.14645293956,1.0,616.746858765,0.651177271232
342,2.30852948371,3.16618522949,28.0920300049,1.64996623672,1.30577409256,2.80920300049,2.64136922646,0.656700118835,0.997340596324,3.14649303527,1.0,616.747339977,0.660585873881
343,2.31408441747,3.16757766465,28.0788702566,1.64960143929,1.30634835011,2.80788702566,2.63471990039,0.656987016339,0.997276878793,3.14653226211,1.0,616.747818345,0.670032901396
344,2.31963451575,3.16896302001,28.06578278,1.6492340233,1.30691968785,2.806578278,2.62806755414,0.657272453463,0.997212643911,3.14657061296,1.0,616.748293863,0.679519585085
345,2.32517981098,3.17034125927,28.0527678282,1.6488640038,1.30748809083,2.80527678282,2.62141220042,0.657556422759,0.997147902893,3.14660808088,1.0,616.748766525,0.689047213512
346,2.33072033557,3.17171234644,28.0398256518,1.64849139589,1.3080535442,2.80398256518,2.6147538521,0.657838916835,0.99708266705,3.14664465906,1.0,616.749236327,0.698617136226
347,2.33625612196,3.17307624581,28.0269564986,1.64811621468,1.30861603323,2.80269564986,2.60809252208,0.658119928356,0.997016947791,3.14668034082,1.0,616.749703263,0.708230767812
348,2.34178720257,3.17443292191,28.0141606143,1.64773847533,1.30917554329,2.80141606143,2.60142822342,0.658399450044,0.996950756621,3.14671511963,1.0,616.750167327,0.71788959227
349,2.34731360983,3.17578233959,28.0014382418,1.64735819302,1.30973205989,2.80014382418,2.59476096922,0.658677474679,0.996884105138,3.14674898911,1.0,616.750628515,0.727595167783
350,2.35283537618,3.17712446396,27.9887896218,1.64697538297,1.31028556864,2.79887896218,2.58809077272,0.658953995098,0.99681700503,3.14678194303,1.0,616.751086821,0.737349131894
351,2.35835253405,3.17845926041,27.9762149925,1.64659006043,1.31083605526,2.79762149925,2.58141764724,0.659229004195,0.996749468079,3.14681397529,1.0,616.751542241,0.747153207154
352,2.36386511586,3.17978669458,27.9637145894,1.64620224068,1.31138350559,2.79637145894,2.57474160619,0.659502494919,0.99668150615,3.14684507996,1.0,616.751994769,0.757009207285
353,2.36937315404,3.18110673241,27.951288646,1.64581193904,1.31192790558,2.7951288646,2.56806266309,0.659774460277,0.996613131198,3.14687525125,1.0,616.752444401,0.766919043908
354,2.37487668101,3.1824193401,27.9389373933,1.64541917086,1.31246924128,2.79389373933,2.56138083156,0.66004489333,0.996544355259,3.14690448353,1.0,616.752891132,0.776884733922
355,2.3803757292,3.18372448414,27.9266610597,1.6450239515,1.31300749888,2.79266610597,2.5546961253,0.660313787196,0.996475190453,3.14693277132,1.0,616.753334958,0.786908407591
356,2.38587033101,3.18502213125,27.9144598716,1.64462629638,1.31354266466,2.79144598716,2.54800855812,0.66058113505,0.996405648979,3.14696010929,1.0,616.753775873,0.796992317434
357,2.39136051884,3.18631224847,27.9023340529,1.64422622093,1.31407472501,2.79023340529,2.54131814394,0.66084693012,0.996335743114,3.14698649227,1.0,616.754213873,0.80713884802
358,2.39684632511,3.18759480306,27.8902838252,1.64382374062,1.31460366645,2.78902838252,2.53462489675,0.661111165692,0.996265485212,3.14701191526,1.0,616.754648954,0.817350526768
359,2.40232778219,3.18886976258,27.8783094079,1.64341887095,1.31512947558,2.78783094079,2.52792883065,0.661373835104,0.9961948877,3.1470363734,1.0,616.755081111,0.827630035897
360,2.40780492248,3.19013709485,27.8664110179,1.64301162745,1.31565213914,2.78664110179,2.52122995986,0.661634931751,0.996123963076,3.147059862,1.0,616.75551034,0.837980225673
361,2.41327777833,3.19139676795,27.8545888702,1.64260202567,1.31617164396,2.78545888702,2.51452829867,0.661894449082,0.996052723911,3.14708237654,1.0,616.755936637,0.848404129119
362,2.41874638213,3.19264875022,27.8428431774,1.6421900812,1.31668797699,2.78428431774,2.50782386147,0.662152380601,0.995981182839,3.14710391264,1.0,616.756359998,0.858904978404
363,2.42421076621,3.19389301027,27.8311741497,1.64177580965,1.31720112528,2.78311741497,2.50111666276,0.662408719866,0.995909352564,3.14712446611,1.0,616.756780418,0.86948622314
364,2.42967096291,3.19512951698,27.8195819955,1.64135922668,1.31771107599,2.78195819955,2.49440671713,0.662663460489,0.99583724585,3.14714403292,1.0,616.757197894,0.88015155087
365,2.43512700457,3.19635823948,27.8080669206,1.64094034795,1.3182178164,2.78080669206,2.48769403928,0.662916596136,0.995764875523,3.14716260918,1.0,616.757612421,0.890904910072
366,2.44057892349,3.19757914717,27.7966291289,1.64051918916,1.31872133389,2.77966291289,2.480978644,0.663168120526,0.99569225447,3.14718019121,1.0,616.758023997,0.901750536063
367,2.44602675197,3.1987922097,27.7852688222,1.64009576605,1.31922161593,2.77852688222,2.47426054617,0.663418027434,0.995619395632,3.14719677546,1.0,616.758432616,0.912692980268
368,2.4514705223,3.19999739699,27.7739861999,1.63967009436,1.31971865013,2.77739861999,2.46753976079,0.663666310686,0.995546312006,3.14721235858,1.0,616.758838275,0.923737143393
369,2.45691026675,3.20119467921,27.7627814595,1.63924218989,1.32021242418,2.77627814595,2.46081630293,0.663912964162,0.995473016642,3.14722693736,1.0,616.759240971,0.934888313162
370,2.46234601756,3.2023840268,27.7516547963,1.63881206845,1.32070292589,2.77516547963,2.45409018778,0.664157981795,0.995399522636,3.1472405088,1.0,616.7596407,0.946152207408
371,2.46777780699,3.20356541044,27.7406064037,1.63837974587,1.32119014317,2.77406064037,2.44736143062,0.664401357571,0.995325843138,3.14725307004,1.0,616.760037458,0.957535023455
372,2.47320566724,3.20473880108,27.7296364727,1.63794523802,1.32167406403,2.77296364727,2.44063004684,0.664643085529,0.995251991337,3.14726461841,1.0,616.760431242,0.969043494974
373,2.47862963051,3.20590416992,27.7187451926,1.6375085608,1.32215467661,2.77187451926,2.4338960519,0.66488315976,0.995177980471,3.1472751514,1.0,616.760822048,0.98068495772
374,2.484049729,3.20706148842,27.7079327505,1.63706973013,1.32263196912,2.77079327505,2.42715946139,0.665121574407,0.995103823814,3.1472846667,1.0,616.761209873,0.992467425896
375,2.48946599487,3.20821072827,27.6971993314,1.63662876195,1.3231059299,2.76971993314,2.42042029097,0.665358323667,0.99502953468,3.14729316216,1.0,616.761594714,1.00439968134
376,2.49487846025,3.20935186145,27.6865451185,1.63618567223,1.32357654738,2.76865451185,2.41367855643,0.665593401787,0.994955126421,3.14730063581,1.0,616.761976567,1.0164913782
377,2.50028715728,3.21048486016,27.6759702928,1.63574047697,1.32404381012,2.76759702928,2.40693427363,0.665826803067,0.994880612421,3.14730708585,1.0,616.762355429,1.02875316665
378,2.50569211806,3.21160969687,27.6654750335,1.6352931922,1.32450770674,2.76654750335,2.40018745854,0.666058521858,0.994806006093,3.14731251067,1.0,616.762731298,1.04119683978
379,2.51109337467,3.2127263443,27.6550595177,1.63484383396,1.324968226,2.76550595177,2.39343812722,0.666288552563,0.994731320884,3.14731690884,1.0,616.763104169,1.05383550945
380,2.51649095919,3.2138347754,27.6447239207,1.63439241834,1.32542535674,2.76447239207,2.38668629583,0.666516889636,0.994656570262,3.14732027911,1.0,616.763474041,1.06668381833
381,2.52188490364,3.2149349634,27.6344684157,1.63393896142,1.32587908793,2.76344684157,2.37993198063,0.666743527584,0.994581767724,3.1473226204,1.0,616.763840909,1.07975819741
382,2.52727524005,3.21602688175,27.624293174,1.63348347935,1.32632940861,2.7624293174,2.37317519799,0.666968460962,0.994506926785,3.14732393181,1.0,616.764204771,1.09307718177
383,2.53266200041,3.21711050417,27.6141983652,1.63302598825,1.32677630795,2.76141983652,2.36641596435,0.667191684378,0.994432060981,3.14732421266,1.0,616.764565625,1.10666180138
384,2.5380452167,3.21818580461,27.6041841568,1.63256650432,1.3272197752,2.76041841568,2.35965429627,0.667413192491,0.994357183863,3.14732346239,1.0,616.764923467,1.12053606984
385,2.54342492087,3.21925275727,27.5942507145,1.63210504375,1.32765979972,2.75942507145,2.35289021039,0.667632980009,0.994282308997,3.14732168069,1.0,616.765278294,1.13472760289
386,2.54880114484,3.22031133661,27.5843982022,1.63164162276,1.32809637098,2.75843982022,2.34612372345,0.667851041693,0.994207449963,3.14731886737,1.0,616.765630104,1.14926841118
387,2.55417392051,3.22136151732,27.5746267817,1.6311762576,1.32852947853,2.75746267817,2.3393548523,0.668067372351,0.994132620345,3.14731502248,1.0,616.765978894,1.16419593141
388,2.55954327977,3.22240327432,27.5649366132,1.63070896455,1.32895911205,2.75649366132,2.33258361386,0.668281966845,0.994057833739,3.14731014622,1.0,616.766324662,1.17955438938
389,2.56490925447,3.22343658282,27.5553278551,1.63023975988,1.3293852613,2.75553278551,2.32581002518,0.668494820083,0.993983103742,3.14730423898,1.0,616.766667404,1.19539663545
390,2.57027187643,3.22446141822,27.5458006638,1.62976865994,1.32980791614,2.75458006638,2.31903410338,0.668705927027,0.993908443953,3.14729730135,1.0,616.767007119,1.21178666905
391,2.57563117745,3.22547775619,27.5363551941,1.62929568104,1.33022706654,2.75363551941,2.31225586568,0.668915282685,0.993833867972,3.14728933409,1.0,616.767343804,1.22880319657
392,2.58098718932,3.22648557265,27.5269915987,1.62882083957,1.33064270255,2.75269915987,2.30547532939,0.669122882118,0.993759389392,3.14728033816,1.0,616.767677456,1.24654479144
393,2.58633994379,3.22748484373,27.5177100289,1.62834415191,1.33105481435,2.75177100289,2.29869251194,0.669328720434,0.993685021803,3.14727031469,1.0,616.768008073,1.2651376356
394,2.59168947257,3.22847554584,27.508510634,1.62786563446,1.3314633922,2.7508510634,2.29190743082,0.669532792792,0.993610778785,3.14725926502,1.0,616.768335653,1.28474761866
395,2.59703580737,3.22945765559,27.4993935615,1.62738530367,1.33186842645,2.74993935615,2.28512010363,0.669735094399,0.993536673908,3.14724719064,1.0,616.768660194,1.30560022464
396,2.60237897987,3.23043114986,27.4903589575,1.62690317598,1.33226990757,2.74903589575,2.27833054808,0.669935620512,0.993462720728,3.14723409327,1.0,616.768981692,1.32801536796
397,2.60771902169,3.23139600574,27.4814069659,1.62641926788,1.33266782611,2.74814069659,2.27153878194,0.670134366438,0.993388932783,3.14721997478,1.0,616.769300146,1.3524737242
398,2.61305596448,3.2323522006,27.4725377292,1.62593359586,1.33306217274,2.74725377292,2.2647448231,0.67033132753,0.993315323593,3.14720483725,1.0,616.769615554,1.3797583761
399,2.61838983981,3.23329971199,27.4637513881,1.62544617645,1.3334529382,2.74637513881,2.25794868953,0.670526499192,0.993241906659,3.14718868295,1.0,616.769927913,1.4113132708
400,2.62372067925,3.23423851775,27.4550480816,1.62495702618,1.33384011335,2.74550480816,2.2511503993,0.670719876877,0.993168695455,3.14717151431,1.0,616.770237222,1.45045169484
401,2.62904851433,3.23516859593,27.446427947,1.62446616163,1.33422368913,2.7446427947,2.24434997057,0.670911456084,0.993095703429,3.14715333398,1.0,616.770543478,1.51046816828
402,2.63437337657,3.23608992482,27.43789112,1.62397359938,1.3346036566,2.743789112,2.23754742157,0.671101232363,0.993022944001,3.14713414477,0.0,0.0,0.0
403,2.63969529744,3.23700248294,27.4294377344,1.62347935604,1.3349800069,2.74294377344,2.23074277066,0.671289201312,0.992950430557,3.14711394969,0.0,0.0,0.0
404,2.64501430841,3.23790624905,27.4210679227,1.62298344823,1.33535273126,2.74210679227,2.22393603627,0.671475358576,0.99287817645,3.14709275194,0.0,0.0,0.0
405,2.65033044089,3.23880120215,27.4127818154,1.6224858926,1.33572182103,2.74127818154,2.21712723692,0.671659699848,0.992806194998,3.1470705549,0.0,0.0,0.0
406,2.65564372628,3.23968732146,27.4045795416,1.62198670583,1.33608726763,2.74045795416,2.21031639121,0.67184222087,0.992734499475,3.14704736214,0.0,0.0,0.0
407,2.66095419595,3.24056458644,27.3964612287,1.6214859046,1.3364490626,2.73964612287,2.20350351785,0.672022917432,0.992663103116,3.14702317741,0.0,0.0,0.0
408,2.66626188124,3.24143297679,27.3884270025,1.62098350562,1.33680719756,2.73884270025,2.19668863563,0.67220178537,0.99259201911,3.14699800465,0.0,0.0,0.0
409,2.67156681347,3.24229247243,27.3804769871,1.62047952563,1.33716166423,2.73804769871,2.18987176343,0.672378820571,0.9925212606,3.14697184798,0.0,0.0,0.0
410,2.67686902391,3.24314305353,27.372611305,1.61997398138,1.33751245443,2.7372611305,2.18305292021,0.672554018966,0.992450840677,3.14694471172,0.0,0.0,0.0
411,2.68216854384,3.24398470045,27.3648300774,1.61946688962,1.33785956007,2.73648300774,2.17623212504,0.672727376535,0.992380772382,3.14691660035,0.0,0.0,0.0
412,2.68746540446,3.24481739383,27.3571334235,1.61895826717,1.33820297315,2.73571334235,2.16940939704,0.672898889305,0.992311068697,3.14688751856,0.0,0.0,0.0
413,2.69275963699,3.24564111452,27.3495214612,1.61844813081,1.33854268579,2.73495214612,2.16258475544,0.673068553352,0.99224174255,3.1468574712,0.0,0.0,0.0
414,2.69805127259,3.24645584358,27.3419943067,1.61793649739,1.33887869017,2.73419943067,2.15575821957,0.673236364796,0.992172806808,3.14682646333,0.0,0.0,0.0
415,2.70334034241,3.24726156233,27.3345520748,1.61742338374,1.33921097858,2.73345520748,2.14892980881,0.673402319807,0.992104274274,3.14679450016,0.0,0.0,0.0
416,2.70862687757,3.24805825231,27.3271948785,1.61690880674,1.33953954342,2.73271948785,2.14209954266,0.6735664146,0.992036157686,3.14676158711,0.0,0.0,0.0
417,2.71391090914,3.24884589528,27.3199228295,1.61639278327,1.33986437716,2.73199228295,2.13526744067,0.673728645439,0.991968469715,3.14672772977,0.0,0.0,0.0
418,2.71919246818,3.24962447324,27.3127360379,1.61587533023,1.34018547237,2.73127360379,2.1284335225,0.673889008632,0.991901222959,3.14669293389,0.0,0.0,0.0
419,2.72447158574,3.2503939684,27.3056346122,1.61535646454,1.34050282172,2.73056346122,2.12159780789,0.674047500536,0.991834429947,3.14665720544,0.0,0.0,0.0
420,2.7297482928,3.25115436321,27.2986186595,1.61483620315,1.34081641798,2.72986186595,2.11476031665,0.674204117554,0.991768103129,3.14662055053,0.0,0.0,0.0
421,2.73502262035,3.25190564035,27.2916882852,1.61431456301,1.341126254,2.72916882852,2.10792106867,0.674358856136,0.991702254878,3.14658297548,0.0,0.0,0.0
422,2.74029459933,3.25264778272,27.2848435934,1.61379156109,1.34143232273,2.72848435934,2.10108008394,0.674511712777,0.991636897487,3.14654448676,0.0,0.0,0.0
423,2.74556426065,3.25338077345,27.2780846867,1.61326721439,1.3417346172,2.72780846867,2.09423738252,0.674662684019,0.991572043164,3.14650509104,0.0,0.0,0.0
424,2.75083163522,3.25410459589,27.2714116661,1.61274153992,1.34203313056,2.72714116661,2.08739298454,0.674811766452,0.991507704035,3.14646479514,0.0,0.0,0.0
425,2.75609675388,3.25481923362,27.264824631,1.6122145547,1.34232785603,2.7264824631,2.08054691023,0.67495895671,0.991443892135,3.14642360607,0.0,0.0,0.0
426,2.76135964749,3.25552467045,27.2583236797,1.61168627579,1.34261878693,2.72583236797,2.07369917987,0.675104251474,0.991380619409,3.14638153101,0.0,0.0,0.0
427,2.76662034684,3.25622089039,27.2519089088,1.61115672023,1.34290591668,2.72519089088,2.06684981386,0.675247647472,0.991317897709,3.14633857731,0.0,0.0,0.0
428,2.77187888272,3.25690787772,27.2455804134,1.61062590512,1.34318923878,2.72455804134,2.05999883262,0.675389141477,0.991255738793,3.1462947525,0.0,0.0,0.0
429,2.77713528589,3.25758561689,27.2393382872,1.61009384753,1.34346874683,2.72393382872,2.0531462567,0.675528730308,0.991194154319,3.14625006426,0.0,0.0,0.0
430,2.78238958707,3.25825409262,27.2331826225,1.60956056459,1.34374443452,2.72331826225,2.0462921067,0.67566641083,0.991133155847,3.14620452045,0.0,0.0,0.0
431,2.78764181695,3.25891328983,27.2271135101,1.60902607341,1.34401629563,2.72271135101,2.03943640329,0.675802179955,0.991072754832,3.1461581291,0.0,0.0,0.0
432,2.79289200623,3.25956319366,27.2211310394,1.60849039115,1.34428432403,2.72211310394,2.03257916722,0.675936034638,0.991012962627,3.14611089841,0.0,0.0,0.0
433,2.79814018554,3.26020378949,27.2152352983,1.60795353496,1.3445485137,2.72152352983,2.02572041933,0.676067971883,0.990953790474,3.14606283672,0.0,0.0,0.0
434,2.80338638551,3.2608350629,27.2094263735,1.607415522,1.3448088587,2.72094263735,2.0188601805,0.676197988736,0.990895249509,3.14601395256,0.0,0.0,0.0
435,2.80863063673,3.26145699972,27.2037043499,1.60687636948,1.34506535316,2.72037043499,2.0119984717,0.676326082293,0.990837350753,3.14596425461,0.0,0.0,0.0
436,2.81387296978,3.26206958598,27.1980693114,1.60633609459,1.34531799134,2.71980693114,2.00513531398,0.676452249692,0.990780105115,3.1459137517,0.0,0.0,0.0
437,2.8191134152,3.26267280794,27.1925213402,1.60579471455,1.34556676756,2.71925213402,1.99827072844,0.676576488117,0.990723523385,3.14586245284,0.0,0.0,0.0
438,2.82435200351,3.26326665207,27.1870605173,1.60525224659,1.34581167625,2.71870605173,1.99140473626,0.676698794799,0.990667616237,3.14581036719,0.0,0.0,0.0
439,2.82958876521,3.26385110508,27.1816869221,1.60470870797,1.34605271193,2.71816869221,1.98453735869,0.676819167013,0.990612394222,3.14575750406,0.0,0.0,0.0
440,2.83482373077,3.26442615389,27.1764006327,1.60416411594,1.34628986919,2.71764006327,1.97766861705,0.67693760208,0.990557867768,3.1457038729,0.0,0.0,0.0
441,2.84005693063,3.26499178565,27.171201726,1.60361848778,1.34652314275,2.7171201726,1.9707985327,0.677054097364,0.990504047177,3.14564948334,0.0,0.0,0.0
442,2.84528839521,3.26554798771,27.1660902772,1.60307184077,1.34675252739,2.71660902772,1.9639271271,0.677168650278,0.990450942625,3.14559434515,0.0,0.0,0.0
443,2.85051815493,3.26609474766,27.1610663603,1.60252419223,1.34697801798,2.71610663603,1.95705442176,0.677281258278,0.990398564156,3.14553846825,0.0,0.0,0.0
444,2.85574624014,3.2666320533,27.1561300479,1.60197555946,1.34719960949,2.71561300479,1.95018043825,0.677391918864,0.990346921683,3.14548186269,0.0,0.0,0.0
445,2.8609726812,3.26715989266,27.1512814114,1.60142595981,1.34741729699,2.71512814114,1.94330519822,0.677500629583,0.990296024986,3.14542453869,0.0,0.0,0.0
446,2.86619750844,3.26767825397,27.1465205205,1.6008754106,1.34763107563,2.71465205205,1.93642872335,0.677607388027,0.990245883708,3.14536650659,0.0,0.0,0.0
447,2.87142075217,3.2681871257,27.1418474438,1.60032392919,1.34784094065,2.71418474438,1.92955103541,0.677712191831,0.990196507353,3.1453077769,0.0,0.0,0.0
448,2.87664244267,3.26868649652,27.1372622484,1.59977153296,1.34804688738,2.71372622484,1.92267215622,0.677815038677,0.990147905285,3.14524836024,0.0,0.0,0.0
449,2.8818626102,3.26917635534,27.1327650003,1.59921823929,1.34824891123,2.71327650003,1.91579210766,0.67791592629,0.990100086727,3.14518826739,0.0,0.0,0.0
450,2.887081285,3.26965669128,27.1283557638,1.59866406556,1.34844700773,2.71283557638,1.90891091167,0.678014852441,0.990053060757,3.14512750925,0.0,0.0,0.0
451,2.89229849728,3.27012749366,27.1240346022,1.59810902917,1.34864117248,2.71240346022,1.90202859024,0.678111814946,0.990006836306,3.14506609686,0.0,0.0,0.0
452,2.89751427725,3.27058875205,27.1198015772,1.59755314756,1.34883140117,2.71198015772,1.89514516543,0.678206811665,0.989961422159,3.14500404139,0.0,0.0,0.0
453,2.90272865508,3.27104045621,27.1156567494,1.59699643814,1.34901768957,2.71156567494,1.88826065933,0.678299840503,0.989916826948,3.14494135414,0.0,0.0,0.0
454,2.90794166093,3.27148259614,27.1116001778,1.59643891835,1.34920003356,2.71116001778,1.88137509412,0.67839089941,0.989873059157,3.14487804654,0.0,0.0,0.0
455,2.91315332493,3.27191516204,27.1076319203,1.59588060565,1.34937842911,2.71076319203,1.874488492,0.678479986379,0.989830127113,3.14481413015,0.0,0.0,0.0
456,2.9183636772,3.27233814434,27.1037520333,1.59532151748,1.34955287226,2.71037520333,1.86760087525,0.678567099449,0.989788038989,3.14474961663,0.0,0.0,0.0
457,2.92357274784,3.27275153368,27.0999605722,1.59476167134,1.34972335916,2.70999605722,1.86071226617,0.678652236705,0.989746802801,3.14468451779,0.0,0.0,0.0
458,2.92878056692,3.27315532093,27.0962575907,1.59420108469,1.34988988603,2.70962575907,1.85382268714,0.678735396273,0.989706426405,3.14461884553,0.0,0.0,0.0
459,2.9339871645,3.27354949715,27.0926431415,1.59363977502,1.3500524492,2.70926431415,1.84693216057,0.678816576326,0.989666917498,3.14455261189,0.0,0.0,0.0
460,2.93919257062,3.27393405365,27.0891172757,1.59307775985,1.35021104507,2.70891172757,1.84004070893,0.678895775081,0.989628283614,3.14448582901,0.0,0.0,0.0
461,2.94439681531,3.27430898193,27.0856800433,1.59251505668,1.35036567014,2.70856800433,1.83314835473,0.678972990798,0.989590532122,3.14441850916,0.0,0.0,0.0
462,2.94959992856,3.27467427371,27.0823314931,1.59195168303,1.35051632101,2.70823314931,1.82625512053,0.679048221784,0.989553670226,3.14435066468,0.0,0.0,0.0
463,2.95480194038,3.27502992096,27.0790716722,1.59138765643,1.35066299435,2.70790716722,1.81936102892,0.679121466388,0.989517704963,3.14428230806,0.0,0.0,0.0
464,2.96000288072,3.27537591581,27.0759006268,1.59082299443,1.35080568692,2.70759006268,1.81246610256,0.679192723005,0.989482643203,3.14421345187,0.0,0.0,0.0
465,2.96520277955,3.27571225066,27.0728184017,1.59025771456,1.35094439559,2.70728184017,1.80557036414,0.679261990072,0.989448491642,3.14414410878,0.0,0.0,0.0
466,2.97040166681,3.27603891809,27.0698250403,1.5896918344,1.35107911729,2.70698250403,1.79867383638,0.679329266074,0.989415256809,3.14407429157,0.0,0.0,0.0
467,2.97559957241,3.27635591091,27.0669205848,1.58912537149,1.35120984906,2.70669205848,1.79177654206,0.679394549536,0.989382945056,3.14400401312,0.0,0.0,0.0
468,2.98079652627,3.27666322214,27.064105076,1.58855834342,1.35133658803,2.7064105076,1.78487850398,0.67945783903,0.989351562563,3.1439332864,0.0,0.0,0.0
469,2.98599255828,3.27696084503,27.0613785537,1.58799076776,1.3514593314,2.70613785537,1.777979745,0.679519133171,0.989321115332,3.14386212445,0.0,0.0,0.0
470,2.99118769832,3.27724877303,27.0587410562,1.58742266211,1.35157807649,2.70587410562,1.771080288,0.67957843062,0.989291609191,3.14379054043,0.0,0.0,0.0
471,2.99638197626,3.27752699981,27.0561926204,1.58685404405,1.35169282066,2.70561926204,1.76418015591,0.67963573008,0.989263049787,3.14371854758,0.0,0.0,0.0
472,3.00157542194,3.27779551926,27.0537332823,1.5862849312,1.35180356142,2.70537332823,1.75727937167,0.679691030298,0.989235442588,3.1436461592,0.0,0.0,0.0
473,3.00676806522,3.27805432547,27.0513630763,1.58571534116,1.35191029631,2.70513630763,1.75037795828,0.679744330067,0.989208792882,3.1435733887,0.0,0.0,0.0
474,3.01195993591,3.27830341278,27.0490820356,1.58514529155,1.35201302301,2.70490820356,1.74347593876,0.679795628223,0.989183105774,3.14350024956,0.0,0.0,0.0
475,3.01715106383,3.2785427757,27.0468901922,1.5845748,1.35211173925,2.70468901922,1.73657333616,0.679844923647,0.989158386187,3.14342675532,0.0,0.0,0.0
476,3.02234147878,3.27877240898,27.0447875768,1.58400388412,1.35220644287,2.70447875768,1.72967017358,0.679892215261,0.989134638857,3.14335291962,0.0,0.0,0.0
477,3.02753121056,3.2789923076,27.0427742188,1.58343256156,1.35229713178,2.70427742188,1.72276647412,0.679937502035,0.989111868339,3.14327875614,0.0,0.0,0.0
478,3.03272028894,3.27920246672,27.0408501464,1.58286084996,1.35238380401,2.70408501464,1.71586226092,0.679980782981,0.989090078999,3.14320427866,0.0,0.0,0.0
479,3.03790874371,3.27940288174,27.0390153866,1.58228876695,1.35246645766,2.70390153866,1.70895755716,0.680022057155,0.989069275015,3.14312950099,0.0,0.0,0.0
480,3.04309660461,3.27959354826,27.0372699648,1.58171633021,1.3525450909,2.70372699648,1.70205238602,0.680061323658,0.98904946038,3.14305443703,0.0,0.0,0.0
481,3.0482839014,3.27977446211,27.0356139057,1.58114355737,1.35261970201,2.70356139057,1.69514677072,0.680098581633,0.989030638895,3.14297910073,0.0,0.0,0.0
482,3.05347066383,3.27994561933,27.0340472321,1.58057046611,1.35269028937,2.70340472321,1.68824073451,0.68013383027,0.989012814172,3.14290350608,0.0,0.0,0.0
483,3.05865692162,3.28010701615,27.0325699661,1.57999707409,1.35275685143,2.70325699661,1.68133430065,0.680167068799,0.988995989633,3.14282766715,0.0,0.0,0.0
484,3.06384270451,3.28025864905,27.0311821282,1.57942339897,1.35281938672,2.70311821282,1.67442749241,0.680198296498,0.988980168508,3.14275159805,0.0,0.0,0.0
485,3.0690280422,3.28040051471,27.0298837378,1.57884945844,1.35287789388,2.70298837378,1.66752033311,0.680227512687,0.988965353836,3.14267531292,0.0,0.0,0.0
486,3.07421296443,3.28053261003,27.028674813,1.57827527016,1.35293237162,2.7028674813,1.66061284606,0.680254716728,0.98895154846,3.14259882597,0.0,0.0,0.0
487,3.07939750088,3.2806549321,27.0275553706,1.57770085183,1.35298281877,2.70275553706,1.65370505461,0.680279908031,0.988938755033,3.14252215145,0.0,0.0,0.0
488,3.08458168125,3.28076747826,27.0265254263,1.57712622112,1.3530292342,2.70265254263,1.64679698211,0.680303086046,0.988926976013,3.14244530362,0.0,0.0,0.0
489,3.08976553525,3.28087024604,27.0255849943,1.57655139572,1.35307161691,2.70255849943,1.63988865192,0.68032425027,0.988916213662,3.1423682968,0.0,0.0,0.0
490,3.09494909255,3.28096323319,27.0247340878,1.57597639333,1.35310996596,2.70247340878,1.63298008743,0.680343400243,0.988906470049,3.14229114535,0.0,0.0,0.0
491,3.10013238285,3.28104643768,27.0239727186,1.57540123163,1.35314428053,2.70239727186,1.62607131204,0.680360535546,0.988897747045,3.14221386365,0.0,0.0,0.0
492,3.10531543581,3.28111985769,27.0233008974,1.57482592832,1.35317455985,2.70233008974,1.61916234915,0.680375655809,0.988890046328,3.14213646608,0.0,0.0,0.0
493,3.11049828111,3.28118349161,27.0227186334,1.5742505011,1.35320080327,2.70227186334,1.61225322217,0.680388760702,0.988883369377,3.1420589671,0.0,0.0,0.0
494,3.11568094843,3.28123733805,27.0222259348,1.57367496766,1.35322301021,2.70222259348,1.60534395454,0.680399849939,0.988877717476,3.14198138114,0.0,0.0,0.0
495,3.12086346744,3.28128139584,27.0218228084,1.57309934571,1.35324118019,2.70218228084,1.59843456968,0.680408923281,0.98887309171,3.14190372268,0.0,0.0,0.0
496,3.12604586779,3.281315664,27.0215092598,1.57252365294,1.3532553128,2.70215092598,1.59152509103,0.680415980528,0.98886949297,3.14182600619,0.0,0.0,0.0
497,3.13122817916,3.2813401418,27.0212852934,1.57194790707,1.35326540775,2.70212852934,1.58461554203,0.680421021529,0.988866921947,3.14174824618,0.0,0.0,0.0
498,3.13641043121,3.28135482869,27.0211509123,1.57137212578,1.35327146481,2.70211509123,1.57770594614,0.680424046174,0.988865379136,3.14167045714,0.0,0.0,0.0
499,3.14159265359,3.28135972436,27.0211061184,1.57079632679,1.35327348384,2.70211061184,1.57079632679,0.680425054396,0.988864864833,3.14159265359,0.0,0.0,0.0
500,3.14159265359,3.28135972436,27.0211061184,1.57079632679,1.35327348384,2.70211061184,1.57079632679,0.680425054396,0.988864864833,3.14159265359,0.0,0.0,0.0
501,3.14677487597,3.28135482869,27.0211509123,1.57022052781,1.35327146481,2.70211509123,1.56388670745,0.680424046174,0.988865379136,3.14151485004,0.0,0.0,0.0
502,3.15195712802,3.2813401418,27.0212852934,1.56964474652,1.35326540775,2.70212852934,1.55697711156,0.680421021529,0.988866921947,3.141437061,0.0,0.0,0.0
503,3.15713943939,3.281315664,27.0215092598,1.56906900065,1.3532553128,2.70215092598,1.55006756256,0.680415980528,0.98886949297,3.14135930099,0.0,0.0,0.0
504,3.16232183974,3.28128139584,27.0218228084,1.56849330788,1.35324118019,2.70218228084,1.54315808391,0.680408923281,0.98887309171,3.1412815845,0.0,0.0,0.0
505,3.16750435874,3.28123733805,27.0222259348,1.56791768593,1.35322301021,2.70222259348,1.53624869905,0.680399849939,0.988877717476,3.14120392604,0.0,0.0,0.0
506,3.17268702607,3.28118349161,27.0227186334,1.56734215249,1.35320080327,2.70227186334,1.52933943142,0.680388760702,0.988883369377,3.14112634008,0.0,0.0,0.0
507,3.17786987137,3.28111985769,27.0233008974,1.56676672527,1.35317455985,2.70233008974,1.52243030444,0.680375655809,0.988890046328,3.1410488411,0.0,0.0,0.0
508,3.18305292433,3.28104643768,27.0239727186,1.56619142196,1.35314428053,2.70239727186,1.51552134155,0.680360535546,0.988897747045,3.14097144353,0.0,0.0,0.0
509,3.18823621463,3.28096323319,27.0247340878,1.56561626026,1.35310996596,2.70247340878,1.50861256616,0.680343400243,0.988906470049,3.14089416183,0.0,0.0,0.0
510,3.19341977193,3.28087024604,27.0255849943,1.56504125787,1.35307161691,2.70255849943,1.50170400167,0.68032425027,0.988916213662,3.14081701038,0.0,0.0,0.0
511,3.19860362593,3.28076747826,27.0265254263,1.56446643247,1.3530292342,2.70265254263,1.49479567148,0.680303086046,0.988926976013,3.14074000356,0.0,0.0,0.0
512,3.2037878063,3.2806549321,27.0275553706,1.56389180176,1.35298281877,2.70275553706,1.48788759898,0.680279908031,0.988938755033,3.14066315573,0.0,0.0,0.0
513,3.20897234275,3.28053261003,27.028674813,1.56331738343,1.35293237162,2.7028674813,1.48097980753,0.680254716728,0.98895154846,3.14058648121,0.0,0.0,0.0
514,3.21415726497,3.28040051471,27.0298837378,1.56274319515,1.35287789388,2.70298837378,1.47407232048,0.680227512687,0.988965353836,3.14050999426,0.0,0.0,0.0
515,3.21934260267,3.28025864905,27.0311821282,1.56216925462,1.35281938672,2.70311821282,1.46716516118,0.680198296498,0.988980168508,3.14043370913,0.0,0.0,0.0
516,3.22452838556,3.28010701615,27.0325699661,1.5615955795,1.35275685143,2.70325699661,1.46025835294,0.680167068799,0.988995989633,3.14035764003,0.0,0.0,0.0
517,3.22971464335,3.27994561933,27.0340472321,1.56102218748,1.35269028937,2.70340472321,1.45335191908,0.68013383027,0.989012814172,3.1402818011,0.0,0.0,0.0
518,3.23490140578,3.27977446211,27.0356139057,1.56044909621,1.35261970201,2.70356139057,1.44644588287,0.680098581633,0.989030638895,3.14020620645,0.0,0.0,0.0
519,3.24008870257,3.27959354826,27.0372699648,1.55987632338,1.3525450909,2.70372699648,1.43954026757,0.680061323658,0.98904946038,3.14013087015,0.0,0.0,0.0
520,3.24527656347,3.27940288174,27.0390153866,1.55930388663,1.35246645766,2.70390153866,1.43263509643,0.680022057155,0.989069275015,3.14005580619,0.0,0.0,0.0
521,3.25046501824,3.27920246672,27.0408501464,1.55873180363,1.35238380401,2.70408501464,1.42573039267,0.679980782981,0.989090078999,3.13998102852,0.0,0.0,0.0
522,3.25565409662,3.2789923076,27.0427742188,1.55816009203,1.35229713178,2.70427742188,1.41882617947,0.679937502035,0.989111868339,3.13990655104,0.0,0.0,0.0
523,3.2608438284,3.27877240898,27.0447875768,1.55758876947,1.35220644287,2.70447875768,1.41192248001,0.679892215261,0.989134638857,3.13983238756,0.0,0.0,0.0
524,3.26603424335,3.2785427757,27.0468901922,1.55701785359,1.35211173925,2.70468901922,1.40501931743,0.679844923647,0.989158386187,3.13975855186,0.0,0.0,0.0
525,3.27122537127,3.27830341278,27.0490820356,1.55644736204,1.35201302301,2.70490820356,1.39811671483,0.679795628223,0.989183105774,3.13968505762,0.0,0.0,0.0
526,3.27641724196,3.27805432547,27.0513630763,1.55587731243,1.35191029631,2.70513630763,1.39121469531,0.679744330067,0.989208792882,3.13961191848,0.0,0.0,0.0
527,3.28160988524,3.27779551926,27.0537332823,1.55530772239,1.35180356142,2.70537332823,1.38431328192,0.679691030298,0.989235442588,3.13953914798,0.0,0.0,0.0
528,3.28680333092,3.27752699981,27.0561926204,1.55473860954,1.35169282066,2.70561926204,1.37741249768,0.67963573008,0.989263049787,3.1394667596,0.0,0.0,0.0
529,3.29199760886,3.27724877303,27.0587410562,1.55416999148,1.35157807649,2.70587410562,1.37051236559,0.67957843062,0.989291609191,3.13939476675,0.0,0.0,0.0
530,3.2971927489,3.27696084503,27.0613785537,1.55360188583,1.3514593314,2.70613785537,1.36361290859,0.679519133171,0.989321115332,3.13932318273,0.0,0.0,0.0
531,3.30238878091,3.27666322214,27.064105076,1.55303431017,1.35133658803,2.7064105076,1.35671414961,0.67945783903,0.989351562563,3.13925202078,0.0,0.0,0.0
532,3.30758573477,3.27635591091,27.0669205848,1.5524672821,1.35120984906,2.70669205848,1.34981611153,0.679394549536,0.989382945056,3.13918129406,0.0,0.0,0.0
533,3.31278364037,3.27603891809,27.0698250403,1.55190081919,1.35107911729,2.70698250403,1.34291881721,0.679329266074,0.989415256809,3.13911101561,0.0,0.0,0.0
534,3.31798252763,3.27571225066,27.0728184017,1.55133493903,1.35094439559,2.70728184017,1.33602228945,0.679261990072,0.989448491642,3.1390411984,0.0,0.0,0.0
535,3.32318242646,3.27537591581,27.0759006268,1.55076965916,1.35080568692,2.70759006268,1.32912655103,0.679192723005,0.989482643203,3.13897185531,0.0,0.0,0.0
536,3.3283833668,3.27502992096,27.0790716722,1.55020499716,1.35066299435,2.70790716722,1.32223162467,0.679121466388,0.989517704963,3.13890299912,0.0,0.0,0.0
537,3.33358537862,3.27467427371,27.0823314931,1.54964097056,1.35051632101,2.70823314931,1.31533753306,0.679048221784,0.989553670226,3.1388346425,0.0,0.0,0.0
538,3.33878849187,3.27430898193,27.0856800433,1.54907759691,1.35036567014,2.70856800433,1.30844429886,0.678972990798,0.989590532122,3.13876679802,0.0,0.0,0.0
539,3.34399273656,3.27393405365,27.0891172757,1.54851489374,1.35021104507,2.70891172757,1.30155194466,0.678895775081,0.989628283614,3.13869947817,0.0,0.0,0.0
540,3.34919814268,3.27354949715,27.0926431415,1.54795287857,1.3500524492,2.70926431415,1.29466049302,0.678816576326,0.989666917498,3.13863269529,0.0,0.0,0.0
541,3.35440474026,3.27315532093,27.0962575907,1.5473915689,1.34988988603,2.70962575907,1.28776996645,0.678735396273,0.989706426405,3.13856646165,0.0,0.0,0.0
542,3.35961255934,3.27275153368,27.0999605722,1.54683098225,1.34972335916,2.70999605722,1.28088038742,0.678652236705,0.989746802801,3.13850078939,0.0,0.0,0.0
543,3.36482162997,3.27233814434,27.1037520333,1.54627113611,1.34955287226,2.71037520333,1.27399177834,0.678567099449,0.989788038989,3.13843569055,0.0,0.0,0.0
544,3.37003198224,3.27191516204,27.1076319203,1.54571204794,1.34937842911,2.71076319203,1.26710416159,0.678479986379,0.989830127113,3.13837117703,0.0,0.0,0.0
545,3.37524364625,3.27148259614,27.1116001778,1.54515373524,1.34920003356,2.71116001778,1.26021755947,0.67839089941,0.989873059157,3.13830726064,0.0,0.0,0.0
546,3.3804566521,3.27104045621,27.1156567494,1.54459621545,1.34901768957,2.71156567494,1.25333199426,0.678299840503,0.989916826948,3.13824395304,0.0,0.0,0.0
547,3.38567102993,3.27058875205,27.1198015772,1.54403950603,1.34883140117,2.71198015772,1.24644748816,0.678206811665,0.989961422159,3.13818126579,0.0,0.0,0.0
548,3.3908868099,3.27012749366,27.1240346022,1.54348362441,1.34864117248,2.71240346022,1.23956406335,0.678111814946,0.990006836306,3.13811921032,0.0,0.0,0.0
549,3.39610402218,3.26965669128,27.1283557638,1.54292858803,1.34844700773,2.71283557638,1.23268174192,0.678014852441,0.990053060757,3.13805779793,0.0,0.0,0.0
550,3.40132269698,3.26917635534,27.1327650003,1.5423744143,1.34824891123,2.71327650003,1.22580054593,0.67791592629,0.990100086727,3.13799703979,0.0,0.0,0.0
551,3.40654286451,3.26868649652,27.1372622484,1.54182112063,1.34804688738,2.71372622484,1.21892049737,0.677815038677,0.990147905285,3.13793694694,0.0,0.0,0.0
552,3.41176455501,3.2681871257,27.1418474438,1.5412687244,1.34784094065,2.71418474438,1.21204161818,0.677712191831,0.990196507353,3.13787753028,0.0,0.0,0.0
553,3.41698779874,3.26767825397,27.1465205205,1.54071724299,1.34763107563,2.71465205205,1.20516393024,0.677607388027,0.990245883708,3.13781880059,0.0,0.0,0.0
554,3.42221262598,3.26715989266,27.1512814114,1.54016669378,1.34741729699,2.71512814114,1.19828745537,0.677500629583,0.990296024986,3.13776076849,0.0,0.0,0.0
555,3.42743906704,3.2666320533,27.1561300479,1.53961709413,1.34719960949,2.71561300479,1.19141221533,0.677391918864,0.990346921683,3.13770344449,0.0,0.0,0.0
556,3.43266715225,3.26609474766,27.1610663603,1.53906846136,1.34697801798,2.71610663603,1.18453823183,0.677281258278,0.990398564156,3.13764683893,0.0,0.0,0.0
557,3.43789691196,3.26554798771,27.1660902772,1.53852081282,1.34675252739,2.71660902772,1.17766552649,0.677168650278,0.990450942625,3.13759096203,0.0,0.0,0.0
558,3.44312837655,3.26499178565,27.171201726,1.53797416581,1.34652314275,2.7171201726,1.17079412089,0.677054097364,0.990504047177,3.13753582384,0.0,0.0,0.0
559,3.44836157641,3.26442615389,27.1764006327,1.53742853765,1.34628986919,2.71764006327,1.16392403654,0.67693760208,0.990557867768,3.13748143428,0.0,0.0,0.0
560,3.45359654197,3.26385110508,27.1816869221,1.53688394562,1.34605271193,2.71816869221,1.15705529489,0.676819167013,0.990612394222,3.13742780312,0.0,0.0,0.0
561,3.45883330367,3.26326665207,27.1870605173,1.536340407,1.34581167625,2.71870605173,1.15018791733,0.676698794799,0.990667616237,3.13737493999,0.0,0.0,0.0
562,3.46407189198,3.26267280794,27.1925213402,1.53579793904,1.34556676756,2.71925213402,1.14332192515,0.676576488117,0.990723523385,3.13732285434,0.0,0.0,0.0
563,3.4693123374,3.26206958598,27.1980693114,1.535256559,1.34531799134,2.71980693114,1.13645733961,0.676452249692,0.990780105115,3.13727155548,0.0,0.0,0.0
564,3.47455467045,3.26145699972,27.2037043499,1.53471628411,1.34506535316,2.72037043499,1.12959418189,0.676326082293,0.990837350753,3.13722105257,0.0,0.0,0.0
565,3.47979892167,3.2608350629,27.2094263735,1.53417713159,1.3448088587,2.72094263735,1.12273247309,0.676197988736,0.990895249509,3.13717135462,0.0,0.0,0.0
566,3.48504512164,3.26020378949,27.2152352983,1.53363911863,1.3445485137,2.72152352983,1.11587223426,0.676067971883,0.990953790474,3.13712247046,0.0,0.0,0.0
567,3.49029330095,3.25956319366,27.2211310394,1.53310226244,1.34428432403,2.72211310394,1.10901348637,0.675936034638,0.991012962627,3.13707440877,0.0,0.0,0.0
568,3.49554349022,3.25891328983,27.2271135101,1.53256658018,1.34401629563,2.72271135101,1.1021562503,0.675802179955,0.991072754832,3.13702717808,0.0,0.0,0.0
569,3.50079572011,3.25825409262,27.2331826225,1.532032089,1.34374443452,2.72331826225,1.09530054689,0.67566641083,0.991133155847,3.13698078673,0.0,0.0,0.0
570,3.50605002129,3.25758561689,27.2393382872,1.53149880606,1.34346874683,2.72393382872,1.08844639689,0.675528730308,0.991194154319,3.13693524292,0.0,0.0,0.0
571,3.51130642445,3.25690787772,27.2455804134,1.53096674847,1.34318923878,2.72455804134,1.08159382097,0.675389141477,0.991255738793,3.13689055468,0.0,0.0,0.0
572,3.51656496034,3.25622089039,27.2519089088,1.53043593336,1.34290591668,2.72519089088,1.07474283973,0.675247647472,0.991317897709,3.13684672987,0.0,0.0,0.0
573,3.52182565969,3.25552467045,27.2583236797,1.5299063778,1.34261878693,2.72583236797,1.06789347372,0.675104251474,0.991380619409,3.13680377617,0.0,0.0,0.0
574,3.5270885533,3.25481923362,27.264824631,1.52937809889,1.34232785603,2.7264824631,1.06104574336,0.67495895671,0.991443892135,3.13676170111,0.0,0.0,0.0
575,3.53235367196,3.25410459589,27.2714116661,1.52885111367,1.34203313056,2.72714116661,1.05419966905,0.674811766452,0.991507704035,3.13672051204,0.0,0.0,0.0
576,3.53762104653,3.25338077345,27.2780846867,1.5283254392,1.3417346172,2.72780846867,1.04735527107,0.674662684019,0.991572043164,3.13668021614,0.0,0.0,0.0
577,3.54289070785,3.25264778272,27.2848435934,1.5278010925,1.34143232273,2.72848435934,1.04051256965,0.674511712777,0.991636897487,3.13664082042,0.0,0.0,0.0
578,3.54816268683,3.25190564035,27.2916882852,1.52727809058,1.341126254,2.72916882852,1.03367158492,0.674358856136,0.991702254878,3.1366023317,0.0,0.0,0.0
579,3.55343701438,3.25115436321,27.2986186595,1.52675645044,1.34081641798,2.72986186595,1.02683233694,0.674204117554,0.991768103129,3.13656475665,0.0,0.0,0.0
580,3.55871372144,3.2503939684,27.3056346122,1.52623618905,1.34050282172,2.73056346122,1.0199948457,0.674047500536,0.991834429947,3.13652810174,0.0,0.0,0.0
581,3.563992839,3.24962447324,27.3127360379,1.52571732336,1.34018547237,2.73127360379,1.01315913109,0.673889008632,0.991901222959,3.13649237329,0.0,0.0,0.0
582,3.56927439804,3.24884589528,27.3199228295,1.52519987032,1.33986437716,2.73199228295,1.00632521292,0.673728645439,0.991968469715,3.13645757741,0.0,0.0,0.0
583,3.57455842961,3.24805825231,27.3271948785,1.52468384685,1.33953954342,2.73271948785,0.999493110932,0.6735664146,0.992036157686,3.13642372007,0.0,0.0,0.0
584,3.57984496477,3.24726156233,27.3345520748,1.52416926985,1.33921097858,2.73345520748,0.992662844777,0.673402319807,0.992104274274,3.13639080702,0.0,0.0,0.0
585,3.58513403459,3.24645584358,27.3419943067,1.5236561562,1.33887869017,2.73419943067,0.985834434021,0.673236364796,0.992172806808,3.13635884385,0.0,0.0,0.0
586,3.59042567019,3.24564111452,27.3495214612,1.52314452278,1.33854268579,2.73495214612,0.979007898147,0.673068553352,0.99224174255,3.13632783598,0.0,0.0,0.0
587,3.59571990272,3.24481739383,27.3571334235,1.52263438642,1.33820297315,2.73571334235,0.972183256554,0.672898889305,0.992311068697,3.13629778862,0.0,0.0,0.0
588,3.60101676334,3.24398470045,27.3648300774,1.52212576397,1.33785956007,2.73648300774,0.965360528555,0.672727376535,0.992380772382,3.13626870683,0.0,0.0,0.0
589,3.60631628327,3.24314305353,27.372611305,1.52161867221,1.33751245443,2.7372611305,0.958539733376,0.672554018966,0.992450840677,3.13624059546,0.0,0.0,0.0
590,3.61161849371,3.24229247243,27.3804769871,1.52111312796,1.33716166423,2.73804769871,0.95172089016,0.672378820571,0.9925212606,3.1362134592,0.0,0.0,0.0
591,3.61692342594,3.24143297679,27.3884270025,1.52060914797,1.33680719756,2.73884270025,0.944904017959,0.67220178537,0.99259201911,3.13618730253,0.0,0.0,0.0
592,3.62223111123,3.24056458644,27.3964612287,1.52010674899,1.3364490626,2.73964612287,0.93808913574,0.672022917432,0.992663103116,3.13616212977,0.0,0.0,0.0
593,3.6275415809,3.23968732146,27.4045795416,1.51960594776,1.33608726763,2.74045795416,0.931276262382,0.67184222087,0.992734499475,3.13613794504,0.0,0.0,0.0
594,3.63285486629,3.23880120215,27.4127818154,1.51910676099,1.33572182103,2.74127818154,0.924465416675,0.671659699848,0.992806194998,3.13611475227,0.0,0.0,0.0
595,3.63817099877,3.23790624905,27.4210679227,1.51860920536,1.33535273126,2.74210679227,0.917656617318,0.671475358576,0.99287817645,3.13609255524,0.0,0.0,0.0
596,3.64349000974,3.23700248294,27.4294377344,1.51811329755,1.3349800069,2.74294377344,0.910849882925,0.671289201312,0.992950430557,3.13607135749,0.0,0.0,0.0
597,3.64881193061,3.23608992482,27.43789112,1.51761905421,1.3346036566,2.743789112,0.904045232016,0.671101232363,0.993022944001,3.13605116241,0.0,0.0,0.0
598,3.65413679285,3.23516859593,27.446427947,1.51712649196,1.33422368913,2.7446427947,0.897242683023,0.670911456084,0.993095703429,3.1360319732,1.0,616.770543478,1.51046816828
599,3.65946462793,3.23423851775,27.4550480816,1.51663562741,1.33384011335,2.74550480816,0.890442254286,0.670719876877,0.993168695455,3.13601379287,1.0,616.770237222,1.45045169484
600,3.66479546737,3.23329971199,27.4637513881,1.51614647714,1.3334529382,2.74637513881,0.883643964055,0.670526499192,0.993241906659,3.13599662423,1.0,616.769927913,1.4113132708
601,3.6701293427,3.2323522006,27.4725377292,1.51565905773,1.33306217274,2.74725377292,0.876847830487,0.67033132753,0.993315323593,3.13598046992,1.0,616.769615554,1.3797583761
602,3.67546628549,3.23139600574,27.4814069659,1.51517338571,1.33266782611,2.74814069659,0.870053871647,0.670134366438,0.993388932783,3.1359653324,1.0,616.769300146,1.3524737242
603,3.68080632731,3.23043114986,27.4903589575,1.51468947761,1.33226990757,2.74903589575,0.86326210551,0.669935620512,0.993462720728,3.13595121391,1.0,616.768981692,1.32801536796
604,3.68614949981,3.22945765559,27.4993935615,1.51420734992,1.33186842645,2.74993935615,0.856472549956,0.669735094399,0.993536673908,3.13593811654,1.0,616.768660194,1.30560022464
605,3.69149583461,3.22847554584,27.508510634,1.51372701913,1.3314633922,2.7508510634,0.849685222772,0.669532792792,0.993610778785,3.13592604216,1.0,616.768335653,1.28474761866
606,3.69684536339,3.22748484373,27.5177100289,1.51324850168,1.33105481435,2.75177100289,0.842900141652,0.669328720434,0.993685021803,3.13591499248,1.0,616.768008073,1.2651376356
607,3.70219811786,3.22648557265,27.5269915987,1.51277181402,1.33064270255,2.75269915987,0.836117324197,0.669122882118,0.993759389392,3.13590496902,1.0,616.767677456,1.24654479144
608,3.70755412973,3.22547775619,27.5363551941,1.51229697255,1.33022706654,2.75363551941,0.829336787912,0.668915282685,0.993833867972,3.13589597309,1.0,616.767343804,1.22880319657
609,3.71291343075,3.22446141822,27.5458006638,1.51182399365,1.32980791614,2.75458006638,0.82255855021,0.668705927027,0.993908443953,3.13588800583,1.0,616.767007119,1.21178666905
610,3.71827605271,3.22343658282,27.5553278551,1.51135289371,1.3293852613,2.75553278551,0.815782628407,0.668494820083,0.993983103742,3.1358810682,1.0,616.766667404,1.19539663545
611,3.72364202741,3.22240327432,27.5649366132,1.51088368904,1.32895911205,2.75649366132,0.809009039726,0.668281966845,0.994057833739,3.13587516096,1.0,616.766324662,1.17955438938
612,3.72901138667,3.22136151732,27.5746267817,1.51041639599,1.32852947853,2.75746267817,0.802237801293,0.668067372351,0.994132620345,3.1358702847,1.0,616.765978894,1.16419593141
613,3.73438416234,3.22031133661,27.5843982022,1.50995103083,1.32809637098,2.75843982022,0.79546893014,0.667851041693,0.994207449963,3.13586643981,1.0,616.765630104,1.14926841118
614,3.73976038631,3.21925275727,27.5942507145,1.50948760984,1.32765979972,2.75942507145,0.788702443203,0.667632980009,0.994282308997,3.13586362649,1.0,616.765278294,1.13472760289
615,3.74514009048,3.21818580461,27.6041841568,1.50902614927,1.3272197752,2.76041841568,0.781938357321,0.667413192491,0.994357183863,3.13586184479,1.0,616.764923467,1.12053606984
616,3.75052330677,3.21711050417,27.6141983652,1.50856666534,1.32677630795,2.76141983652,0.775176689236,0.667191684378,0.994432060981,3.13586109452,1.0,616.764565625,1.10666180138
617,3.75591006713,3.21602688175,27.624293174,1.50810917424,1.32632940861,2.7624293174,0.768417455598,0.666968460962,0.994506926785,3.13586137537,1.0,616.764204771,1.09307718177
618,3.76130040354,3.2149349634,27.6344684157,1.50765369217,1.32587908793,2.76344684157,0.761660672955,0.666743527584,0.994581767724,3.13586268678,1.0,616.763840909,1.07975819741
619,3.76669434799,3.2138347754,27.6447239207,1.50720023525,1.32542535674,2.76447239207,0.754906357762,0.666516889636,0.994656570262,3.13586502807,1.0,616.763474041,1.06668381833
620,3.77209193251,3.2127263443,27.6550595177,1.50674881963,1.324968226,2.76550595177,0.748154526374,0.666288552563,0.994731320884,3.13586839834,1.0,616.763104169,1.05383550945
621,3.77749318912,3.21160969687,27.6654750335,1.50629946139,1.32450770674,2.76654750335,0.741405195053,0.666058521858,0.994806006093,3.13587279651,1.0,616.762731298,1.04119683978
622,3.7828981499,3.21048486016,27.6759702928,1.50585217662,1.32404381012,2.76759702928,0.734658379959,0.665826803067,0.994880612421,3.13587822133,1.0,616.762355429,1.02875316665
623,3.78830684693,3.20935186145,27.6865451185,1.50540698136,1.32357654738,2.76865451185,0.727914097157,0.665593401787,0.994955126421,3.13588467137,1.0,616.761976567,1.0164913782
624,3.79371931231,3.20821072827,27.6971993314,1.50496389164,1.3231059299,2.76971993314,0.721172362615,0.665358323667,0.99502953468,3.13589214502,1.0,616.761594714,1.00439968134
625,3.79913557818,3.20706148842,27.7079327505,1.50452292346,1.32263196912,2.77079327505,0.714433192203,0.665121574407,0.995103823814,3.13590064048,1.0,616.761209873,0.992467425896
626,3.80455567667,3.20590416992,27.7187451926,1.50408409279,1.32215467661,2.77187451926,0.707696601691,0.66488315976,0.995177980471,3.13591015578,1.0,616.760822048,0.98068495772
627,3.80997963994,3.20473880108,27.7296364727,1.50364741557,1.32167406403,2.77296364727,0.700962606754,0.664643085529,0.995251991337,3.13592068877,1.0,616.760431242,0.969043494974
628,3.81540750019,3.20356541044,27.7406064037,1.50321290772,1.32119014317,2.77406064037,0.694231222968,0.664401357571,0.995325843138,3.13593223714,1.0,616.760037458,0.957535023455
629,3.82083928962,3.2023840268,27.7516547963,1.50278058514,1.32070292589,2.77516547963,0.687502465811,0.664157981795,0.995399522636,3.13594479838,1.0,616.7596407,0.946152207408
630,3.82627504043,3.20119467921,27.7627814595,1.5023504637,1.32021242418,2.77627814595,0.680776350661,0.663912964162,0.995473016642,3.13595836982,1.0,616.759240971,0.934888313162
631,3.83171478488,3.19999739699,27.7739861999,1.50192255923,1.31971865013,2.77739861999,0.674052892802,0.663666310686,0.995546312006,3.1359729486,1.0,616.758838275,0.923737143393
632,3.83715855521,3.1987922097,27.7852688222,1.50149688754,1.31922161593,2.77852688222,0.667332107416,0.663418027434,0.995619395632,3.13598853172,1.0,616.758432616,0.912692980268
633,3.84260638369,3.19757914717,27.7966291289,1.50107346443,1.31872133389,2.77966291289,0.660614009588,0.663168120526,0.99569225447,3.13600511597,1.0,616.758023997,0.901750536063
634,3.84805830261,3.19635823948,27.8080669206,1.50065230564,1.3182178164,2.78080669206,0.653898614306,0.662916596136,0.995764875523,3.136022698,1.0,616.757612421,0.890904910072
635,3.85351434427,3.19512951698,27.8195819955,1.50023342691,1.31771107599,2.78195819955,0.647185936457,0.662663460489,0.99583724585,3.13604127426,1.0,616.757197894,0.88015155087
636,3.85897454097,3.19389301027,27.8311741497,1.49981684393,1.31720112528,2.78311741497,0.640475990832,0.662408719866,0.995909352564,3.13606084107,1.0,616.756780418,0.86948622314
637,3.86443892505,3.19264875022,27.8428431774,1.49940257239,1.31668797699,2.78428431774,0.633768792122,0.662152380601,0.995981182839,3.13608139454,1.0,616.756359998,0.858904978404
638,3.86990752885,3.19139676795,27.8545888702,1.49899062792,1.31617164396,2.78545888702,0.627064354923,0.661894449082,0.996052723911,3.13610293064,1.0,616.755936637,0.848404129119
639,3.8753803847,3.19013709485,27.8664110179,1.49858102614,1.31565213914,2.78664110179,0.620362693728,0.661634931751,0.996123963076,3.13612544518,1.0,616.75551034,0.837980225673
640,3.88085752499,3.18886976258,27.8783094079,1.49817378264,1.31512947558,2.78783094079,0.613663822935,0.661373835104,0.9961948877,3.13614893378,1.0,616.755081111,0.827630035897
641,3.88633898207,3.18759480306,27.8902838252,1.49776891297,1.31460366645,2.78902838252,0.606967756844,0.661111165692,0.996265485212,3.13617339192,1.0,616.754648954,0.817350526768
642,3.89182478834,3.18631224847,27.9023340529,1.49736643266,1.31407472501,2.79023340529,0.600274509654,0.66084693012,0.996335743114,3.13619881491,1.0,616.754213873,0.80713884802
643,3.89731497617,3.18502213125,27.9144598716,1.49696635721,1.31354266466,2.79144598716,0.593584095469,0.66058113505,0.996405648979,3.13622519789,1.0,616.753775873,0.796992317434
644,3.90280957798,3.18372448414,27.9266610597,1.49656870209,1.31300749888,2.79266610597,0.586896528294,0.660313787196,0.996475190453,3.13625253586,1.0,616.753334958,0.786908407591
645,3.90830862617,3.1824193401,27.9389373933,1.49617348273,1.31246924128,2.79389373933,0.580211822034,0.66004489333,0.996544355259,3.13628082365,1.0,616.752891132,0.776884733922
646,3.91381215314,3.18110673241,27.951288646,1.49578071455,1.31192790558,2.7951288646,0.573529990499,0.659774460277,0.996613131198,3.13631005593,1.0,616.752444401,0.766919043908
647,3.91932019132,3.17978669458,27.9637145894,1.49539041291,1.31138350559,2.79637145894,0.566851047401,0.659502494919,0.99668150615,3.13634022722,1.0,616.751994769,0.757009207285
648,3.92483277313,3.17845926041,27.9762149925,1.49500259316,1.31083605526,2.79762149925,0.560175006352,0.659229004195,0.996749468079,3.13637133189,1.0,616.751542241,0.747153207154
649,3.930349931,3.17712446396,27.9887896218,1.49461727062,1.31028556864,2.79887896218,0.553501880868,0.658953995098,0.99681700503,3.13640336415,1.0,616.751086821,0.737349131894
650,3.93587169735,3.17578233959,28.0014382418,1.49423446057,1.30973205989,2.80014382418,0.546831684368,0.658677474679,0.996884105138,3.13643631807,1.0,616.750628515,0.727595167783
651,3.94139810461,3.17443292191,28.0141606143,1.49385417826,1.30917554329,2.80141606143,0.540164430173,0.658399450044,0.996950756621,3.13647018755,1.0,616.750167327,0.71788959227
652,3.94692918522,3.17307624581,28.0269564986,1.49347643891,1.30861603323,2.80269564986,0.533500131505,0.658119928356,0.997016947791,3.13650496636,1.0,616.749703263,0.708230767812
653,3.95246497161,3.17171234644,28.0398256518,1.4931012577,1.3080535442,2.80398256518,0.526838801493,0.657838916835,0.99708266705,3.13654064812,1.0,616.749236327,0.698617136226
654,3.9580054962,3.17034125927,28.0527678282,1.49272864979,1.30748809083,2.80527678282,0.520180453165,0.657556422759,0.997147902893,3.1365772263,1.0,616.748766525,0.689047213512
655,3.96355079143,3.16896302001,28.06578278,1.49235863029,1.30691968785,2.806578278,0.513525099454,0.657272453463,0.997212643911,3.13661469422,1.0,616.748293863,0.679519585085
656,3.96910088971,3.16757766465,28.0788702566,1.4919912143,1.30634835011,2.80788702566,0.506872753197,0.656987016339,0.997276878793,3.13665304507,1.0,616.747818345,0.670032901396
657,3.97465582347,3.16618522949,28.0920300049,1.49162641687,1.30577409256,2.80920300049,0.500223427132,0.656700118835,0.997340596324,3.13669227191,1.0,616.747339977,0.660585873881
658,3.98021562513,3.16478575108,28.1052617693,1.49126425301,1.3051969303,2.81052617693,0.493577133903,0.656411768461,0.997403785394,3.13673236762,1.0,616.746858765,0.651177271232
659,3.98578032708,3.16337926626,28.1185652916,1.49090473771,1.3046168785,2.81185652916,0.486933886057,0.656121972782,0.997466434992,3.13677332499,1.0,616.746374715,0.641805915945
660,3.99134996173,3.16196581217,28.1319403109,1.49054788593,1.30403395249,2.81319403109,0.480293696045,0.655830739423,0.997528534212,3.13681513664,1.0,616.745887832,0.632470681125
661,3.99692456148,3.16054542621,28.1453865639,1.49019371257,1.30344816769,2.81453865639,0.473656576222,0.655538076066,0.997590072255,3.13685779506,1.0,616.745398122,0.623170487521
662,4.00250415869,3.15911814608,28.1589037845,1.48984223251,1.30285953965,2.81589037845,0.467022538846,0.655243990453,0.997651038429,3.13690129264,1.0,616.744905591,0.61390430078
663,4.00808878575,3.15768400977,28.1724917039,1.48949346061,1.30226808403,2.81724917039,0.460391596083,0.654948490385,0.99771142215,3.13694562159,1.0,616.744410246,0.604671128891
664,4.013678475,3.15624305553,28.1861500508,1.48914741167,1.30167381661,2.81861500508,0.453763759999,0.654651583721,0.997771212947,3.13699077402,1.0,616.743912091,0.59547001981
665,4.0192732588,3.15479532193,28.199878551,1.48880410045,1.30107675331,2.8199878551,0.447139042569,0.654353278382,0.997830400459,3.13703674191,1.0,616.743411135,0.586300059246
666,4.02487316946,3.15334084781,28.2136769277,1.48846354171,1.30047691013,2.82136769277,0.44051745567,0.654053582345,0.997888974441,3.13708351711,1.0,616.742907382,0.577160368597
667,4.03047823931,3.15187967231,28.2275449012,1.48812575013,1.29987430322,2.82275449012,0.433899011086,0.653752503651,0.997946924761,3.13713109134,1.0,616.74240084,0.568050103025
668,4.03608850063,3.15041183487,28.2414821892,1.48779074038,1.29926894884,2.82414821892,0.427283720507,0.653450050398,0.998004241408,3.13717945621,1.0,616.741891515,0.558968449658
669,4.0417039857,3.14893737519,28.2554885064,1.48745852707,1.29866086336,2.82554885064,0.420671595526,0.653146230746,0.998060914485,3.1372286032,1.0,616.741379413,0.549914625906
670,4.04732472677,3.1474563333,28.269563565,1.48712912481,1.2980500633,2.8269563565,0.414062647645,0.652841052914,0.998116934219,3.13727852367,1.0,616.740864542,0.540887877884
671,4.05295075609,3.1459687495,28.283707074,1.48680254812,1.29743656528,2.8283707074,0.407456888269,0.652534525184,0.998172290954,3.13732920887,1.0,616.740346908,0.531887478939
672,4.05858210585,3.1444746644,28.2979187397,1.48647881152,1.29682038604,2.82979187397,0.400854328711,0.652226655898,0.998226975162,3.13738064992,1.0,616.739826519,0.522912728266
673,4.06421880825,3.14297411889,28.3121982656,1.48615792948,1.29620154245,2.83121982656,0.394254980191,0.651917453457,0.998280977434,3.13743283785,1.0,616.739303381,0.513962949603
674,4.06986089543,3.14146715419,28.3265453521,1.48583991642,1.2955800515,2.83265453521,0.387658853835,0.651606926328,0.998334288491,3.13748576356,1.0,616.738777501,0.505037490017
675,4.07550839955,3.13995381178,28.3409596969,1.48552478674,1.2949559303,2.83409596969,0.381065960674,0.651295083035,0.998386899177,3.13753941783,1.0,616.738248888,0.496135718752
676,4.08116135269,3.13843413346,28.3554409944,1.48521255478,1.2943291961,2.83554409944,0.37447631165,0.650981932168,0.998438800468,3.13759379136,1.0,616.737717548,0.487257026147
677,4.08681978692,3.13690816133,28.3699889363,1.48490323484,1.29369986625,2.83699889363,0.367889917609,0.650667482375,0.998489983467,3.13764887472,1.0,616.737183489,0.47840082262
678,4.0924837343,3.13537593779,28.3846032112,1.4845968412,1.29306795825,2.83846032112,0.361306789306,0.650351742371,0.998540439408,3.13770465839,1.0,616.736646718,0.469566537707
679,4.09815322682,3.13383750555,28.3992835047,1.48429338808,1.2924334897,2.83992835047,0.354726937403,0.65003472093,0.998590159657,3.13776113274,1.0,616.736107244,0.46075361916
680,4.10382829646,3.13229290761,28.4140294992,1.48399288964,1.29179647834,2.84140294992,0.348150372471,0.649716426889,0.998639135714,3.13781828804,1.0,616.735565075,0.451961532084
681,4.10950897515,3.13074218729,28.4288408743,1.48369536005,1.29115694203,2.84288408743,0.341577104988,0.649396869151,0.998687359213,3.13787611445,1.0,616.735020217,0.443189758136
682,4.11519529479,3.12918538821,28.4437173063,1.48340081338,1.29051489876,2.84437173063,0.335007145342,0.649076056679,0.998734821923,3.13793460206,1.0,616.73447268,0.43443779476
683,4.12088728723,3.12762255428,28.4586584684,1.48310926369,1.28987036665,2.84586584684,0.328440503828,0.648753998501,0.998781515749,3.13799374083,1.0,616.733922472,0.425705154459
684,4.12658498428,3.12605372975,28.4736640305,1.48282072498,1.28922336394,2.84736640305,0.321877190651,0.648430703708,0.998827432736,3.13805352065,1.0,616.733369601,0.416991364115
685,4.13228841772,3.12447895917,28.4887336597,1.48253521121,1.28857390901,2.84887336597,0.315317215923,0.648106181456,0.998872565066,3.13811393133,1.0,616.732814076,0.408295964338
686,4.13799761927,3.12289828738,28.5038670195,1.48225273631,1.28792202034,2.85038670195,0.308760589668,0.647780440964,0.99891690506,3.13817496254,1.0,616.732255905,0.399618508849
687,4.14371262061,3.12131175956,28.5190637705,1.48197331414,1.28726771658,2.85190637705,0.302207321817,0.647453491516,0.998960445182,3.13823660392,1.0,616.731695097,0.390958563898
688,4.14943345337,3.11971942118,28.5343235697,1.48169695853,1.28661101646,2.85343235697,0.295657422214,0.647125342461,0.999003178037,3.138298845,1.0,616.731131662,0.382315707705
689,4.15516014912,3.11812131804,28.5496460711,1.48142368324,1.28595193889,2.85496460711,0.289110900608,0.646796003211,0.999045096371,3.13836167521,1.0,616.730565607,0.373689529938
690,4.16089273939,3.11651749624,28.5650309252,1.48115350202,1.28529050287,2.85650309252,0.282567766663,0.646465483246,0.999086193076,3.13842508392,1.0,616.729996942,0.365079631205
691,4.16663125565,3.11490800221,28.5804777795,1.48088642853,1.28462672756,2.85804777795,0.27602802995,0.646133792109,0.999126461188,3.13848906041,1.0,616.729425677,0.35648562258
692,4.17237572932,3.11329288269,28.5959862777,1.48062247642,1.28396063222,2.85959862777,0.269491699951,0.645800939408,0.999165893887,3.13855359389,1.0,616.728851822,0.347907125147
693,4.17812619176,3.11167218474,28.6115560604,1.48036165927,1.28329223627,2.86115560604,0.262958786061,0.645466934818,0.999204484501,3.13861867348,1.0,616.728275384,0.339343769568
694,4.18388267425,3.11004595573,28.6271867648,1.48010399061,1.28262155924,2.86271867648,0.256429297581,0.645131788081,0.999242226506,3.13868428825,1.0,616.727696375,0.330795195665
695,4.18964520804,3.10841424336,28.6428780244,1.47984948392,1.28194862081,2.86428780244,0.249903243729,0.644795509002,0.999279113522,3.13875042716,1.0,616.727114805,0.322261052031
696,4.1954138243,3.10677709566,28.6586294696,1.47959815264,1.28127344077,2.86586294696,0.243380633629,0.644458107454,0.999315139321,3.13881707915,1.0,616.726530682,0.313740995648
697,4.20118855412,3.10513456095,28.6744407271,1.47935001015,1.28059603907,2.86744407271,0.23686147632,0.644119593378,0.999350297824,3.13888423303,1.0,616.725944018,0.30523469153
698,4.20696942855,3.10348668791,28.6903114201,1.47910506977,1.27991643578,2.86903114201,0.230345780751,0.64377997678,0.999384583102,3.13895187761,1.0,616.725354823,0.296741812375
699,4.21275647856,3.10183352551,28.7062411684,1.47886334478,1.27923465108,2.87062411684,0.223833555782,0.643439267732,0.999417989375,3.13902000158,1.0,616.724763107,0.288262038242
700,4.21854973503,3.10017512308,28.722229588,1.47862484841,1.27855070534,2.8722229588,0.217324810187,0.643097476375,0.999450511017,3.13908859359,1.0,616.724168881,0.279795056226
701,4.22434922879,3.09851153024,28.7382762915,1.47838959381,1.277864619,2.87382762915,0.21081955265,0.642754612917,0.999482142553,3.13915764224,1.0,616.723572155,0.271340560161
702,4.23015499058,3.09684279697,28.7543808879,1.47815759411,1.27717641268,2.87543808879,0.204317791768,0.642410687633,0.999512878661,3.13922713606,1.0,616.722972941,0.262898250332
703,4.23596705106,3.09516897354,28.7705429823,1.47792886237,1.27648610713,2.87705429823,0.19781953605,0.642065710866,0.99954271417,3.13929706353,1.0,616.722371249,0.254467833189
704,4.24178544082,3.09349011059,28.7867621765,1.47770341158,1.27579372321,2.87867621765,0.191324793919,0.641719693027,0.999571644068,3.13936741305,1.0,616.721767091,0.246049021086
705,4.24761019036,3.09180625906,28.8030380684,1.47748125469,1.27509928194,2.88030380684,0.184833573709,0.641372644594,0.999599663492,3.139438173,1.0,616.721160478,0.237641532022
706,4.25344133009,3.09011747024,28.819370252,1.47726240458,1.27440280446,2.8819370252,0.178345883666,0.641024576117,0.999626767736,3.1395093317,1.0,616.720551422,0.22924508939
707,4.25927889034,3.08842379572,28.835758318,1.4770468741,1.27370431207,2.8835758318,0.171861731951,0.64067549821,0.99965295225,3.13958087742,1.0,616.719939935,0.220859421747
708,4.26512290135,3.08672528747,28.8522018529,1.476834676,1.27300382618,2.88522018529,0.165381126638,0.640325421557,0.999678212638,3.13965279837,1.0,616.719326027,0.212484262576
709,4.27097339327,3.08502199775,28.8687004397,1.47662582299,1.27230136836,2.88687004397,0.158904075711,0.639974356913,0.999702544663,3.13972508274,1.0,616.718709712,0.204119350072
710,4.27683039615,3.08331397917,28.8852536574,1.47642032774,1.2715969603,2.88852536574,0.15243058707,0.639622315101,0.999725944241,3.13979771866,1.0,616.718091002,0.195764426924
711,4.28269393993,3.08160128467,28.9018610811,1.47621820282,1.27089062383,2.89018610811,0.145960668527,0.639269307011,0.999748407447,3.13987069422,1.0,616.717469908,0.187419240112
712,4.28856405449,3.07988396755,28.9185222822,1.47601946077,1.27018238093,2.89185222822,0.139494327809,0.638915343605,0.999769930514,3.13994399748,1.0,616.716846444,0.179083540707
713,4.29444076956,3.07816208142,28.9352368282,1.47582411404,1.26947225372,2.89352368282,0.133031572554,0.638560435915,0.99979050983,3.14001761645,1.0,616.716220622,0.170757083678
714,4.3003241148,3.07643568022,28.9520042824,1.47563217504,1.26876026444,2.89520042824,0.126572410314,0.638204595039,0.999810141943,3.14009153913,1.0,616.715592455,0.162439627708
715,4.30621411976,3.07470481825,28.9688242043,1.4754436561,1.26804643548,2.89688242043,0.120116848557,0.63784783215,0.999828823557,3.14016575346,1.0,616.714961956,0.154130935012
716,4.31211081386,3.07296955015,28.9856961496,1.47525856951,1.26733078937,2.89856961496,0.113664894661,0.637490158487,0.999846551537,3.14024024737,1.0,616.714329139,0.145830771161
717,4.31801422643,3.07122993088,29.0026196697,1.47507692745,1.26661334879,2.90026196697,0.10721655592,0.637131585361,0.999863322905,3.14031500873,1.0,616.713694016,0.137538904915
718,4.32392438668,3.06948601575,29.0195943121,1.47489874207,1.26589413655,2.90195943121,0.100771839541,0.636772124153,0.999879134841,3.14039002543,1.0,616.713056602,0.129255108056
719,4.32984132369,3.06773786041,29.0366196203,1.47472402545,1.26517317559,2.90366196203,0.0943307526441,0.636411786316,0.999893984686,3.1404652853,1.0,616.71241691,0.12097915523
720,4.33576506645,3.06598552086,29.0536951334,1.47455278957,1.264450489,2.90536951334,0.0878933022632,0.63605058337,0.999907869936,3.14054077616,1.0,616.711774954,0.112710823788
721,4.3416956438,3.06422905342,29.0708203868,1.47438504638,1.26372610003,2.90708203868,0.0814594953462,0.63568852691,0.999920788251,3.1406164858,1.0,616.711130748,0.104449893637
722,4.34763308447,3.06246851478,29.0879949115,1.47422080774,1.26300003204,2.90879949115,0.0750293387542,0.6353256286,0.999932737447,3.14069240201,1.0,616.710484307,0.0961961470901
723,4.35357741705,3.06070396195,29.1052182345,1.47406008544,1.26227230855,2.91052182345,0.0686028392624,0.634961900173,0.999943715499,3.14076851253,1.0,616.709835645,0.0879493687212
724,4.35952867002,3.05893545231,29.1224898783,1.47390289119,1.26154295322,2.91224898783,0.0621800035591,0.634597353438,0.999953720542,3.14084480513,1.0,616.709184777,0.079709345226
725,4.36548687171,3.05716304354,29.1398093616,1.47374923665,1.26081198985,2.91398093616,0.0557608382461,0.63423200027,0.999962750871,3.14092126753,1.0,616.708531717,0.0714758652815
726,4.37145205032,3.05538679372,29.1571761985,1.47359913339,1.26007944238,2.91571761985,0.0493453498388,0.63386585262,0.99997080494,3.14099788745,1.0,616.707876482,0.0632487194123
727,4.37742423392,3.05360676124,29.174589899,1.4734525929,1.25934533489,2.9174589899,0.0429335447659,0.633498922507,0.999977881359,3.1410746526,1.0,616.707219086,0.0550276998566
728,4.38340345043,3.05182300484,29.1920499689,1.4733096266,1.25860969161,2.91920499689,0.0365254293691,0.633131222025,0.999983978902,3.1411515507,1.0,616.706559544,0.0468126004364
729,4.38938972763,3.05003558362,29.2095559094,1.47317024584,1.25787253691,2.92095559094,0.0301210099037,0.632762763336,0.999989096498,3.14122856944,1.0,616.705897873,0.0386032164296
730,4.39538309314,3.048244557,29.2271072176,1.47303446189,1.2571338953,2.92271072176,0.0237202925382,0.632393558677,0.999993233235,3.14130569651,1.0,616.705234088,0.030399344444
731,4.40138357445,3.04644998478,29.2447033862,1.47290228593,1.25639379144,2.92447033862,0.0173232833529,0.632023620354,0.999996388363,3.14138291961,1.0,616.704568206,0.0222007822922
732,4.40739119889,3.0446519271,29.2623439034,1.47277372908,1.25565225013,2.92623439034,0.0109299883422,0.631652960748,0.999998561286,3.14146022645,1.0,616.703900242,0.0140073288711
733,4.41340599364,3.04285044442,29.280028253,1.47264880235,1.25490929632,2.9280028253,0.00454041341254,0.63128159231,0.999999751569,3.1415376047,1.0,616.703230214,0.00581878403885
734,4.41942798572,3.04104559757,29.2977559145,1.4725275167,1.25416495508,2.92977559145,-0.00184543561684,0.630909527564,0.999999958934,3.14161504209,1.0,616.702558138,0.00236505149903
735,4.42545720197,3.03923744775,29.3155263628,1.47240988298,1.25341925165,2.93155263628,-0.00822755301495,0.630536779106,0.999999183261,3.14169252631,1.0,616.70188403,0.0105443763197
736,4.43149366909,3.03742605646,29.3333390684,1.47229591198,1.25267221139,2.93333390684,-0.0146059331379,0.630163359604,0.999997424588,3.14177004508,1.0,616.701207909,0.0187193883887
737,4.4375374136,3.03561148559,29.3511934971,1.47218561439,1.25192385984,2.93511934971,-0.0209805704306,0.629789281799,0.999994683109,3.14184758613,1.0,616.700529791,0.0268902851782
738,4.44358846187,3.03379379736,29.3690891104,1.47207900081,1.25117422266,2.93690891104,-0.0273514594258,0.629414558502,0.999990959174,3.1419251372,1.0,616.699849694,0.0350572637886
739,4.44964684007,3.03197305434,29.3870253652,1.47197608177,1.25042332563,2.93870253652,-0.0337185947452,0.6290392026,0.999986253293,3.14200268603,1.0,616.699167635,0.0432205210585
740,4.4557125742,3.03014931945,29.4050017138,1.4718768677,1.24967119473,2.94050017138,-0.0400819710982,0.62866322705,0.999980566128,3.1420802204,1.0,616.698483634,0.0513802536787
741,4.46178569009,3.02832265597,29.4230176037,1.47178136894,1.24891785604,2.94230176037,-0.0464415832845,0.628286644882,0.9999738985,3.14215772809,1.0,616.697797707,0.0595366583112
742,4.4678662134,3.02649312752,29.441072478,1.47168959573,1.24816333579,2.9441072478,-0.0527974261929,0.627909469198,0.999966251382,3.1422351969,1.0,616.697109874,0.0676899316999
743,4.47395416956,3.02466079806,29.4591657753,1.47160155825,1.24740766038,2.94591657753,-0.0591494948,0.627531713173,0.999957625904,3.14231261466,1.0,616.696420154,0.0758402707837
744,4.48004958386,3.02282573192,29.4772969291,1.47151726656,1.24665085633,2.94772969291,-0.0654977841761,0.627153390055,0.999948023351,3.14238996921,1.0,616.695728564,0.0839878728175
745,4.48615248136,3.02098799377,29.4954653686,1.47143673063,1.24589295031,2.94954653686,-0.0718422894764,0.626774513162,0.99993744516,3.14246724843,1.0,616.695035124,0.0921329354759
746,4.49226288696,3.01914764863,29.513670518,1.47135996034,1.24513396913,2.9513670518,-0.0781830059516,0.626395095887,0.999925892921,3.14254444022,1.0,616.694339854,0.100275656982
747,4.49838082533,3.01730476186,29.5319117971,1.47128696546,1.24437393975,2.95319117971,-0.0845199289406,0.626015151694,0.999913368379,3.14262153251,1.0,616.693642773,0.108416236211
748,4.50450632097,3.01545939918,29.5501886206,1.4712177557,1.24361288927,2.95501886206,-0.0908530538741,0.625634694121,0.999899873429,3.14269851325,1.0,616.692943901,0.116554872817
749,4.51063939813,3.01361162666,29.5685003987,1.47115234062,1.24285084495,2.95685003987,-0.0971823762802,0.625253736775,0.999885410119,3.14277537043,1.0,616.692243258,0.124691767351
750,4.5167800809,3.01176151071,29.5868465367,1.47109072972,1.24208783417,2.95868465367,-0.0959033024087,0.624872293339,0.999888328105,3.14276072474,1.0,616.691540864,0.123048233887
751,4.52292839313,3.00990911809,29.6052264351,1.47103293237,1.24132388446,2.96052264351,-0.0896971928282,0.624490377566,0.999902215767,3.14268664781,1.0,616.69083674,0.115071956349
752,4.52908435846,3.00805451591,29.6236394896,1.47097895786,1.2405590235,2.96236394896,-0.083487252987,0.624108003281,0.999915204049,3.14261226591,1.0,616.690130907,0.107093506383
753,4.53524800033,3.00619777163,29.642085091,1.47092881537,1.23979327911,2.9642085091,-0.0772734686356,0.623725184381,0.999927287602,3.14253758936,1.0,616.689423385,0.0991126722824
754,4.54141934192,3.00433895306,29.6605626253,1.47088251397,1.23902667926,2.96605626253,-0.07105582564,0.623341934837,0.999938461184,3.14246262859,1.0,616.688714196,0.0911292432155
755,4.54759840622,3.00247812833,29.6790714737,1.47084006262,1.23825925205,2.96790714737,-0.0648343099902,0.62295826869,0.999948719668,3.14238739413,1.0,616.688003361,0.0831430091217
756,4.55378521598,3.00061536596,29.6976110124,1.47080147018,1.23749102572,2.96976110124,-0.0586089077947,0.622574200052,0.999958058038,3.1423118966,1.0,616.687290902,0.075153760594
757,4.55997979371,2.99875073477,29.7161806126,1.47076674541,1.23672202868,2.97161806126,-0.0523796052849,0.622189743109,0.999966471393,3.14223614672,1.0,616.686576841,0.0671612887755
758,4.56618232598,2.99688425454,29.7347801334,1.47073589616,1.23595226906,2.97347801334,-0.0461462237773,0.621804901925,0.999973955136,3.14216015327,1.0,616.685861181,0.0591651735603
759,4.57239273403,2.99501602515,29.7534086343,1.4707089317,1.23518178807,2.97534086343,-0.0399088512649,0.62141969709,0.999980504428,3.14208392839,1.0,616.685143956,0.0511653371545
760,4.57861089763,2.99314615922,29.7720650458,1.47068586103,1.23441063215,2.97720650458,-0.0336676169879,0.621034151811,0.999986114578,3.14200748481,1.0,616.684425206,0.0431617546173
761,4.58483683815,2.99127472698,29.7907487184,1.47066669231,1.23363883027,2.97907487184,-0.0274225077495,0.620648280567,0.999990781198,3.14193083363,1.0,616.683704953,0.0351542182425
762,4.59107057671,2.98940179903,29.8094589981,1.47065143357,1.23286641153,2.98094589981,-0.0211735104537,0.620262097904,0.999994500025,3.14185398604,1.0,616.682983221,0.0271425203125
763,4.59731213421,2.98752744628,29.8281952258,1.47064009273,1.23209340519,2.98281952258,-0.0149206121099,0.619875618436,0.999997266922,3.14177695329,1.0,616.682260033,0.0191264529976
764,4.60356153134,2.98565173994,29.8469567378,1.47063267759,1.23131984062,2.98469567378,-0.0086637998335,0.619488856842,0.999999077878,3.14169974675,1.0,616.681535413,0.0111058082443
765,4.60981878856,2.98377475159,29.8657428652,1.47062919582,1.23054574732,2.98657428652,-0.00240306085007,0.619101827871,0.999999929012,3.14162237786,1.0,616.680809384,0.00308037766998
766,4.616083926,2.98189655312,29.8845529343,1.47062965499,1.22977115496,2.98845529343,0.00386161741931,0.618714546343,0.999999816574,3.14154485814,1.0,616.680081972,0.00495004743724
767,4.62235696327,2.98001721685,29.9033862654,1.47063406253,1.22899609336,2.99033862654,0.0101302471463,0.618327027164,0.999998736944,3.14146719922,1.0,616.679353201,0.0129856759526
768,4.62863791993,2.97813681535,29.9222421746,1.47064242575,1.22822059244,2.99222421746,0.0164028405915,0.617939285292,0.999996686639,3.14138941278,1.0,616.678623095,0.0210267176763
769,4.63492681535,2.9762554215,29.9411199731,1.47065475184,1.22744468226,2.99411199731,0.0226794099235,0.617551335751,0.99999366231,3.1413115106,1.0,616.67789168,0.0290733832055
770,4.64122366862,2.9743731085,29.9600189672,1.47067104784,1.22666839302,2.99600189672,0.0289599671912,0.617163193631,0.999989660748,3.14123350453,1.0,616.67715898,0.0371258840147
771,4.64752849861,2.97248994987,29.9789384585,1.47069132069,1.22589175502,2.99789384585,0.0352445243214,0.616774874086,0.999984678878,3.14115540651,1.0,616.676425022,0.045184432571
772,4.65384132391,2.97060601945,29.9978777433,1.4707155772,1.22511479873,2.99978777433,0.0415330931182,0.616386392339,0.999978713772,3.14107722855,1.0,616.675689831,0.0532492424498
773,4.66016216287,2.96872139138,30.0168361132,1.47074382402,1.22433755473,3.00168361132,0.047825685258,0.615997763675,0.999971762639,3.14099898274,1.0,616.674953434,0.061320528448
774,4.66649103358,2.96683614012,30.0358128548,1.4707760677,1.22356005371,3.00358128548,0.0541223122915,0.615609003444,0.999963822835,3.14092068124,1.0,616.674215855,0.0693985067076
775,4.67282795386,2.96495034044,30.0548072497,1.47081231463,1.22278232651,3.00548072497,0.0604229856378,0.615220127062,0.999954891861,3.14084233628,1.0,616.673477124,0.0774833948319
776,4.67917294126,2.96306406741,30.0738185747,1.47085257108,1.2220044041,3.00738185747,0.0667277165841,0.614831150009,0.999944967364,3.14076396017,1.0,616.672737265,0.0855754120102
777,4.68552601307,2.96117739642,30.0928461015,1.47089684319,1.22122631756,3.00928461015,0.0730365162831,0.614442087827,0.999934047142,3.14068556529,1.0,616.671996306,0.0936747791423
778,4.69188718629,2.95929040316,30.1118890969,1.47094513695,1.22044809812,3.01118890969,0.079349395751,0.614052956123,0.999922129141,3.14060716409,1.0,616.671254275,0.101781718967
779,4.69825647766,2.95740316362,30.1309468228,1.47099745821,1.21966977711,3.01309468228,0.0856663658647,0.613663770567,0.99990921146,3.14052876907,1.0,616.670511198,0.10989645619
780,4.70463390362,2.9555157541,30.150018536,1.47105381267,1.218891386,3.0150018536,0.0919874373607,0.613274546892,0.999895292353,3.14045039282,1.0,616.669767105,0.118019217623
781,4.71101948034,2.9536282512,30.1691034883,1.47111420592,1.21811295637,3.01691034883,0.0983126208315,0.612885300892,0.999880370227,3.14037204799,1.0,616.669022024,0.126150232312
782,4.7174132237,2.9517407318,30.1882009269,1.47117864338,1.21733451994,3.01882009269,0.104641926724,0.612496048425,0.999864443648,3.14029374727,1.0,616.668275982,0.134289731685
783,4.72381514926,2.9498532731,30.2073100937,1.47124713033,1.21655610855,3.02073100937,0.110975365339,0.612106805408,0.999847511336,3.14021550345,1.0,616.667529008,0.142437949691
784,4.73022527232,2.94796595258,30.2264302256,1.4713196719,1.21577775414,3.02264302256,0.117312946825,0.611717587823,0.999829572176,3.14013732934,1.0,616.666781132,0.150595122949
785,4.73664360786,2.94607884802,30.2455605549,1.47139627309,1.21499948879,3.02455605549,0.123654681179,0.611328411708,0.999810625212,3.14005923783,1.0,616.666032382,0.1587614909
786,4.74307017055,2.94419203748,30.2647003085,1.47147693872,1.21422134471,3.02647003085,0.130000578243,0.610939293165,0.999790669649,3.13998124187,1.0,616.665282788,0.166937295962
787,4.74950497478,2.94230559931,30.2838487088,1.47156167349,1.21344335419,3.02838487088,0.136350647704,0.610550248354,0.999769704859,3.13990335445,1.0,616.664532381,0.17512278369
788,4.7559480346,2.94041961216,30.3030049729,1.47165048193,1.21266554968,3.03030049729,0.142704899087,0.610161293494,0.99974773038,3.13982558862,1.0,616.663781189,0.183318202944
789,4.76239936376,2.93853415495,30.3221683131,1.47174336841,1.21188796372,3.03221683131,0.149063341758,0.609772444865,0.999724745914,3.13974795749,1.0,616.663029244,0.191523806057
790,4.76885897568,2.93664930688,30.3413379368,1.47184033717,1.21111062898,3.03413379368,0.155425984914,0.609383718804,0.999700751334,3.13967047419,1.0,616.662276575,0.199739849011
791,4.77532688346,2.93476514742,30.3605130465,1.47194139227,1.21033357824,3.03605130465,0.161792837596,0.608995131706,0.999675746685,3.13959315193,1.0,616.661523215,0.207966591628
792,4.78180309988,2.93288175635,30.3796928396,1.47204653762,1.20955684438,3.03796928396,0.168163908666,0.608606700022,0.999649732178,3.13951600394,1.0,616.660769193,0.216204297742
793,4.78828763739,2.93099921367,30.3988765087,1.47215577698,1.20878046041,3.03988765087,0.17453920682,0.608218440263,0.999622708203,3.13943904352,1.0,616.660014542,0.224453235408
794,4.79478050808,2.92911759971,30.4180632416,1.47226911391,1.20800445946,3.04180632416,0.180918740581,0.607830368994,0.99959467532,3.13936228398,1.0,616.659259292,0.232713677097
795,4.80128172375,2.92723699501,30.4372522211,1.47238655186,1.20722887474,3.04372522211,0.187302518294,0.607442502836,0.999565634267,3.13928573869,1.0,616.658503477,0.240985899909
796,4.8077912958,2.92535748043,30.4564426252,1.47250809408,1.2064537396,3.04564426252,0.193690548128,0.607054858466,0.999535585957,3.13920942106,1.0,616.657747128,0.249270185789
797,4.81430923533,2.92347913705,30.4756336269,1.47263374367,1.20567908747,3.04756336269,0.20008283807,0.606667452614,0.999504531483,3.13913334451,1.0,616.656990278,0.25756682175
798,4.82083555306,2.92160204622,30.4948243945,1.47276350355,1.20490495192,3.04948243945,0.206479395926,0.606280302067,0.999472472116,3.13905752253,1.0,616.656232959,0.265876100112
799,4.82737025938,2.91972628957,30.5140140914,1.47289737647,1.20413136659,3.05140140914,0.212880229316,0.605893423663,0.99943940931,3.1389819686,1.0,616.655475205,0.27419831874
800,4.8339133643,2.91785194895,30.5332018761,1.47303536504,1.20335836525,3.05332018761,0.219285345671,0.605506834293,0.999405344699,3.13890669626,1.0,616.654717049,0.282533781305
801,4.84046487747,2.91597910648,30.5523869024,1.47317747165,1.20258598177,3.05523869024,0.225694752233,0.605120550902,0.999370280101,3.13883171907,1.0,616.653958524,0.290882797539
802,4.84702480819,2.91410784453,30.5715683194,1.47332369855,1.20181425012,3.05715683194,0.232108456053,0.604734590484,0.999334217518,3.1387570506,1.0,616.653199665,0.299245683516
803,4.85359316538,2.9122382457,30.5907452713,1.47347404781,1.20104320435,3.05907452713,0.238526463985,0.604348970085,0.999297159139,3.13868270445,1.0,616.652440506,0.307622761939
804,4.86016995759,2.91037039283,30.6099168974,1.47362852131,1.20027287865,3.06099168974,0.244948782687,0.603963706802,0.999259107338,3.13860869425,1.0,616.65168108,0.316014362434
805,4.86675519297,2.90850436902,30.6290823327,1.47378712076,1.19950330727,3.06290823327,0.251375418615,0.60357881778,0.999220064678,3.13853503363,1.0,616.650921424,0.324420821866
806,4.87334887931,2.90664025759,30.6482407071,1.47394984769,1.19873452457,3.06482407071,0.257806378026,0.603194320215,0.99918003391,3.13846173625,1.0,616.650161571,0.332842484665
807,4.87995102402,2.90477814208,30.667391146,1.47411670346,1.19796656502,3.0667391146,0.26424166697,0.602810231349,0.999139017977,3.13838881576,1.0,616.649401557,0.341279703166
808,4.88656163409,2.90291810628,30.6865327701,1.47428768921,1.19719946317,3.06865327701,0.27068129129,0.602426568472,0.99909702001,3.13831628585,1.0,616.648641417,0.349732837967
809,4.89318071615,2.90106023419,30.7056646955,1.47446280594,1.19643325366,3.07056646955,0.277125256621,0.602043348922,0.999054043335,3.1382441602,1.0,616.647881188,0.358202258299
810,4.89980827641,2.89920461002,30.7247860337,1.47464205444,1.19566797122,3.07247860337,0.283573568385,0.60166059008,0.999010091469,3.13817245249,1.0,616.647120905,0.36668834242
811,4.90644432068,2.89735131821,30.7438958914,1.4748254353,1.19490365067,3.07438958914,0.290026231789,0.601278309376,0.998965168123,3.1381011764,1.0,616.646360605,0.375191478026
812,4.91308885437,2.89550044342,30.7629933712,1.47501294895,1.19414032694,3.07629933712,0.296483251823,0.60089652428,0.998919277205,3.13803034564,1.0,616.645600324,0.383712062677
813,4.91974188246,2.89365207051,30.7820775707,1.47520459561,1.193378035,3.07820775707,0.30294463326,0.600515252309,0.998872422816,3.13795997388,1.0,616.644840099,0.39225050425
814,4.92640340955,2.89180628453,30.8011475833,1.47540037531,1.19261680996,3.08011475833,0.309410380647,0.600134511022,0.998824609254,3.13789007481,1.0,616.644079967,0.400807221414
815,4.93307343979,2.88996317075,30.8202024979,1.47560028789,1.19185668696,3.08202024979,0.31588049831,0.599754318018,0.998775841016,3.13782066209,1.0,616.643319966,0.409382644127
816,4.93975197693,2.88812281463,30.8392413989,1.47580433299,1.19109770125,3.08392413989,0.322354990344,0.59937469094,0.998726122796,3.13775174939,1.0,616.642560133,0.417977214153
817,4.94643902427,2.88628530183,30.8582633664,1.47601251006,1.19033988816,3.08582633664,0.328833860624,0.598995647468,0.998675459486,3.13768335034,1.0,616.641800507,0.426591385636
818,4.9531345847,2.88445071818,30.877267476,1.47622481832,1.18958328309,3.0877267476,0.335317112785,0.598617205324,0.998623856178,3.13761547859,1.0,616.641041125,0.435225625647
819,4.95983866066,2.88261914971,30.896252799,1.47644125684,1.18882792152,3.0896252799,0.341804750228,0.598239382268,0.998571318165,3.13754814774,1.0,616.640282026,0.443880414819
820,4.96655125417,2.88079068263,30.9152184027,1.47666182446,1.188073839,3.09152184027,0.348296776122,0.597862196095,0.998517850939,3.13748137138,1.0,616.639523249,0.452556247983
821,4.97327236678,2.8789654033,30.9341633499,1.4768865198,1.18732107115,3.09341633499,0.354793193392,0.597485664639,0.998463460195,3.13741516306,1.0,616.638764832,0.461253634852
822,4.98000199962,2.87714339829,30.9530866991,1.4771153413,1.18656965367,3.09530866991,0.361294004726,0.597109805771,0.998408151828,3.13734953633,1.0,616.638006815,0.469973100737
823,4.98674015334,2.8753247543,30.9719875049,1.47734828719,1.18581962231,3.09719875049,0.367799212565,0.596734637392,0.998351931938,3.13728450469,1.0,616.637249237,0.478715187305
824,4.99348682818,2.87350955821,30.9908648177,1.47758535548,1.18507101292,3.09908648177,0.374308819105,0.596360177443,0.998294806824,3.1372200816,1.0,616.636492139,0.487480453386
825,5.00024202386,2.87169789706,31.0097176837,1.47782654398,1.18432386137,3.10097176837,0.380822826292,0.595986443892,0.998236782991,3.13715628051,1.0,616.63573556,0.496269475818
826,5.0070057397,2.86988985803,31.0285451452,1.47807185029,1.18357820363,3.10285451452,0.387341235822,0.595613454742,0.998177867146,3.13709311479,1.0,616.63497954,0.505082850352
827,5.01377797451,2.86808552845,31.0473462406,1.47832127178,1.18283407572,3.10473462406,0.393864049138,0.595241228025,0.9981180662,3.13703059779,1.0,616.63422412,0.513921192601
828,5.02055872664,2.86628499579,31.0661200042,1.47857480562,1.1820915137,3.10661200042,0.400391267424,0.594869781806,0.998057387269,3.13696874283,1.0,616.633469341,0.522785139055
829,5.02734799397,2.86448834766,31.0848654665,1.47883244877,1.18135055371,3.10848654665,0.406922891609,0.594499134175,0.997995837672,3.13690756315,1.0,616.632715243,0.531675348153
830,5.0341457739,2.8626956718,31.1035816542,1.47909419795,1.18061123193,3.11035816542,0.41345892236,0.594129303251,0.997933424932,3.13684707195,1.0,616.631961868,0.540592501426
831,5.04095206334,2.86090705608,31.1222675901,1.47936004967,1.17987358461,3.11222675901,0.419999360078,0.59376030718,0.997870156777,3.13678728238,1.0,616.631209258,0.54953730471
832,5.04776685873,2.8591225885,31.1409222935,1.47963000024,1.17913764803,3.11409222935,0.426544204904,0.593392164132,0.997806041141,3.13672820751,1.0,616.630457454,0.558510489438
833,5.05459015601,2.85734235714,31.1595447798,1.47990404572,1.17840345852,3.11595447798,0.433093456706,0.593024892305,0.99774108616,3.13666986039,1.0,616.629706498,0.567512814016
834,5.06142195062,2.85556645023,31.1781340609,1.48018218195,1.17767105247,3.11781340609,0.439647115083,0.592658509916,0.997675300176,3.13661225395,1.0,616.628956432,0.576545065289
835,5.06826223751,2.85379495608,31.1966891452,1.48046440455,1.17694046629,3.11966891452,0.446205179364,0.592293035206,0.997608691735,3.13655540109,1.0,616.628207299,0.585608060107
836,5.07511101111,2.85202796312,31.2152090376,1.48075070892,1.17621173646,3.12152090376,0.452767648601,0.591928486437,0.997541269586,3.13649931462,1.0,616.627459142,0.594702646999
837,5.08196826539,2.85026555986,31.2336927394,1.48104109023,1.17548489948,3.12336927394,0.459334521567,0.591564881891,0.997473042685,3.1364440073,1.0,616.626712003,0.603829707959
838,5.08883399375,2.84850783489,31.2521392488,1.4813355434,1.17475999189,3.12521392488,0.465905796759,0.591202239868,0.997404020189,3.13638949177,1.0,616.625965925,0.612990160359
839,5.09570818912,2.8467548769,31.2705475605,1.48163406314,1.17403705025,3.12705475605,0.47248147239,0.590840578686,0.99733421146,3.13633578062,1.0,616.625220953,0.622184959004
840,5.1025908439,2.84500677465,31.2889166661,1.48193664392,1.17331611119,3.12889166661,0.47906154639,0.590479916678,0.997263626062,3.13628288634,1.0,616.624477128,0.631415098325
841,5.10948194998,2.84326361696,31.3072455538,1.48224327999,1.17259721132,3.13072455538,0.4856460164,0.590120272195,0.997192273762,3.13623082135,1.0,616.623734497,0.640681614744
842,5.11638149869,2.84152549272,31.325533209,1.48255396532,1.17188038731,3.1325533209,0.492234879777,0.589761663597,0.99712016453,3.13617959795,1.0,616.622993101,0.649985589211
843,5.12328948088,2.8397924909,31.343778614,1.4828686937,1.17116567585,3.13437786139,0.498828133584,0.58940410926,0.997047308537,3.13612922835,1.0,616.622252986,0.659328149932
844,5.13020588683,2.83806470049,31.3619807479,1.48318745865,1.17045311364,3.13619807479,0.505425774592,0.589047627572,0.996973716154,3.13607972469,1.0,616.621514196,0.668710475317
845,5.13713070632,2.83634221054,31.3801385871,1.48351025345,1.1697427374,3.13801385871,0.512027799277,0.588692236926,0.996899397955,3.13603109897,1.0,616.620776775,0.678133797148
846,5.14406392855,2.83462511014,31.3982511054,1.48383707115,1.16903458388,3.13982511054,0.518634203817,0.58833795573,0.99682436471,3.1359833631,1.0,616.620040769,0.687599404008
847,5.15100554222,2.83291348841,31.4163172734,1.48416790454,1.16832868983,3.14163172734,0.525244984091,0.587984802394,0.996748627391,3.13593652888,1.0,616.619306223,0.697108644992
848,5.15795553545,2.83120743449,31.4343360595,1.48450274618,1.16762509202,3.14343360595,0.531860135677,0.587632795336,0.996672197166,3.135890608,1.0,616.618573181,0.706662933715
849,5.16491389584,2.82950703756,31.4523064291,1.4848415884,1.16692382722,3.14523064291,0.538479653849,0.58728195298,0.996595085401,3.13584561203,1.0,616.61784169,0.716263752669
850,5.17188061041,2.8278123868,31.4702273455,1.48518442324,1.16622493221,3.14702273455,0.545103533576,0.58693229375,0.996517303659,3.13580155242,1.0,616.617111794,0.725912657952
851,5.17885566565,2.82612357139,31.4880977693,1.48553124254,1.16552844378,3.14880977693,0.551731769518,0.586583836075,0.996438863696,3.13575844048,1.0,616.61638354,0.735611284404
852,5.18583904746,2.82444068053,31.5059166589,1.48588203785,1.1648343987,3.15059166589,0.558364356021,0.586236598382,0.996359777463,3.13571628743,1.0,616.615656973,0.745361351206
853,5.19283074123,2.82276380338,31.5236829705,1.4862368005,1.16414283375,3.15236829705,0.565001287135,0.585890599098,0.996280057105,3.13567510432,1.0,616.614932141,0.75516466802
854,5.19983073173,2.82109302913,31.541395658,1.48659552156,1.16345378571,3.1541395658,0.571642556581,0.585545856649,0.996199714955,3.13563490208,1.0,616.614209088,0.76502314162
855,5.20683900319,2.81942844692,31.5590536733,1.48695819183,1.16276729134,3.15590536733,0.578288157769,0.585202389454,0.996118763541,3.13559569152,1.0,616.613487862,0.774938783238
856,5.21385553926,2.81777014586,31.5766559663,1.48732480187,1.1620833874,3.15766559663,0.584938083792,0.58486021593,0.996037215575,3.13555748327,1.0,616.61276851,0.784913716569
857,5.22088032302,2.81611821504,31.5942014851,1.487695342,1.16140211063,3.15942014851,0.591592327424,0.584519354484,0.995955083961,3.13552028785,1.0,616.612051077,0.794950186592
858,5.22791333697,2.8144727435,31.6116891759,1.48806980226,1.16072349774,3.16116891759,0.598250881118,0.584179823517,0.995872381786,3.13548411561,1.0,616.611335612,0.805050569262
859,5.23495456303,2.81283382024,31.6291179832,1.48844817244,1.16004758545,3.16291179832,0.604913737002,0.58384164142,0.995789122322,3.13544897676,1.0,616.610622161,0.815217382221
860,5.24200398254,2.81120153419,31.64648685,1.48883044207,1.15937441042,3.164648685,0.611580886883,0.583504826572,0.995705319023,3.13541488134,1.0,616.609910772,0.825453296629
861,5.24906157625,2.80957597421,31.6637947177,1.48921660042,1.15870400931,3.16637947177,0.618252322238,0.583169397339,0.995620985527,3.13538183925,1.0,616.609201492,0.835761150274
862,5.25612732432,2.80795722912,31.6810405262,1.48960663651,1.15803641874,3.16810405262,0.624928034217,0.582835372073,0.995536135647,3.1353498602,1.0,616.608494368,0.846143962138
863,5.26320120632,2.80634538763,31.6982232144,1.49000053909,1.1573716753,3.16982232144,0.631608013642,0.582502769111,0.995450783377,3.13531895375,1.0,616.607789449,0.856604948614
864,5.27028320123,2.80474053837,31.7153417196,1.49039829664,1.15670981555,3.17153417196,0.638292251001,0.582171606771,0.995364942884,3.1352891293,1.0,616.607086782,0.867147541601
865,5.27737328742,2.8031427699,31.7323949783,1.49079989738,1.15605087599,3.17323949783,0.644980736451,0.581841903352,0.99527862851,3.13526039604,1.0,616.606386415,0.877775408762
866,5.28447144268,2.80155217063,31.7493819258,1.49120532928,1.15539489312,3.17493819258,0.651673459813,0.581513677134,0.995191854767,3.13523276303,1.0,616.605688397,0.888492476264
867,5.29157764419,2.79996882891,31.7663014967,1.49161458003,1.15474190334,3.17663014967,0.658370410571,0.581186946373,0.995104636336,3.1352062391,1.0,616.604992775,0.899302954373
868,5.29869186852,2.79839283295,31.7831526247,1.49202763705,1.15409194304,3.17831526247,0.665071577875,0.580861729301,0.995016988068,3.13518083293,1.0,616.604299598,0.910211366358
869,5.30581409163,2.79682427082,31.7999342427,1.49244448751,1.15344504855,3.17999342427,0.671776950531,0.580538044126,0.994928924976,3.135156553,1.0,616.603608914,0.921222581244
870,5.31294428889,2.79526323048,31.8166452833,1.49286511829,1.15280125614,3.18166452833,0.67848651701,0.580215909027,0.994840462235,3.13513340759,1.0,616.602920772,0.932341851046
871,5.32008243504,2.79370979975,31.8332846785,1.49328951601,1.15216060202,3.18332846785,0.685200265437,0.579895342155,0.994751615182,3.1351114048,1.0,616.60223522,0.943574853265
872,5.32722850422,2.79216406627,31.84985136,1.49371766704,1.15152312235,3.184985136,0.691918183595,0.579576361631,0.994662399311,3.13509055251,1.0,616.601552307,0.954927739575
873,5.33438246995,2.79062611756,31.8663442591,1.49414955744,1.15088885321,3.18663442591,0.698640258923,0.579258985542,0.994572830269,3.13507085843,1.0,616.600872081,0.96640719183
874,5.34154430513,2.78909604094,31.8827623073,1.49458517303,1.15025783062,3.18827623073,0.705366478515,0.578943231943,0.994482923857,3.13505233004,1.0,616.600194593,0.978020486791
875,5.34871398205,2.78757392359,31.899104436,1.49502449934,1.14963009053,3.1899104436,0.712096829117,0.578629118852,0.994392696026,3.13503497461,1.0,616.59951989,0.989775571271
876,5.35589147237,2.78605985248,31.9153695765,1.49546752165,1.14900566881,3.19153695765,0.718831297127,0.578316664251,0.994302162871,3.1350187992,1.0,616.598848021,1.00168114983
877,5.36307674713,2.7845539144,31.9315566606,1.49591422494,1.14838460126,3.19315566606,0.725569868595,0.578005886081,0.994211340635,3.13500381066,1.0,616.598179036,1.01374678764
878,5.37026977674,2.78305619594,31.9476646204,1.49636459393,1.14776692357,3.19476646204,0.73231252922,0.577696802244,0.994120245698,3.13499001562,1.0,616.597512984,1.02598303191
879,5.37747053101,2.78156678348,31.9636923885,1.49681861307,1.14715267139,3.19636923885,0.739059264351,0.577389430598,0.994028894581,3.13497742049,1.0,616.596849913,1.03840155607
880,5.38467897909,2.78008576319,31.9796388982,1.49727626652,1.14654188024,3.19796388982,0.745810058983,0.577083788957,0.993937303937,3.13496603143,1.0,616.596189873,1.05101533205
881,5.39189508953,2.77861322101,31.9955030834,1.49773753817,1.14593458556,3.19955030834,0.752564897761,0.576779895089,0.993845490552,3.13495585441,1.0,616.595532914,1.06383883793
882,5.39911883022,2.77714924264,32.0112838789,1.49820241165,1.14533082271,3.20112838789,0.759323764974,0.576477766715,0.993753471342,3.13494689514,1.0,616.594879084,1.07688830978
883,5.40635016844,2.77569391355,32.0269802205,1.4986708703,1.14473062693,3.20269802205,0.766086644556,0.576177421504,0.993661263347,3.1349391591,1.0,616.594228432,1.09018205019
884,5.41358907084,2.77424731896,32.0425910452,1.49914289717,1.14413403336,3.20425910452,0.772853520088,0.575878877076,0.993568883727,3.13493265153,1.0,616.593581008,1.10374080952
885,5.42083550344,2.77280954381,32.0581152913,1.49961847505,1.14354107705,3.20581152913,0.779624374794,0.575582150995,0.993476349762,3.13492737744,1.0,616.592936861,1.11758826206
886,5.42808943159,2.77138067279,32.0735518984,1.50009758646,1.1429517929,3.20735518984,0.78639919154,0.575287260773,0.993383678849,3.13492334157,1.0,616.592296041,1.13175160768
887,5.43535082006,2.76996079031,32.0888998075,1.50058021363,1.14236621575,3.20888998075,0.793177952837,0.574994223862,0.993290888492,3.13492054845,1.0,616.591658596,1.14626234165
888,5.44261963294,2.7685499805,32.1041579615,1.50106633851,1.14178438027,3.21041579615,0.799960640837,0.574703057656,0.993197996305,3.13491900232,1.0,616.591024576,1.16115725388
889,5.4498958337,2.76714832718,32.119325305,1.50155594278,1.14120632104,3.2119325305,0.806747237335,0.57441377949,0.993105020008,3.1349187072,1.0,616.59039403,1.17647974694
890,5.45717938519,2.76575591387,32.1344007845,1.50204900783,1.14063207251,3.21344007845,0.813537723766,0.574126406634,0.993011977416,3.13491966682,1.0,616.589767008,1.19228160631
891,5.46447024959,2.76437282378,32.1493833486,1.50254551479,1.14006166899,3.21493833486,0.820332081207,0.573840956295,0.992918886445,3.13492188468,1.0,616.589143558,1.20862542823
892,5.47176838847,2.76299913981,32.1642719482,1.5030454445,1.13949514467,3.21642719482,0.827130290375,0.573557445614,0.992825765102,3.134925364,1.0,616.588523729,1.22558802968
893,5.47907376275,2.7616349445,32.1790655363,1.50354877753,1.13893253359,3.21790655363,0.833932331629,0.573275891662,0.992732631481,3.13493010774,1.0,616.587907571,1.24326537444
894,5.48638633271,2.76028032008,32.1937630686,1.50405549415,1.13837386966,3.21937630686,0.840738184967,0.572996311442,0.992639503761,3.1349361186,1.0,616.587295133,1.26177992837
895,5.49370605799,2.75893534842,32.2083635035,1.50456557438,1.13781918666,3.22083635035,0.847547830029,0.572718721885,0.992546400204,3.13494339901,1.0,616.586686463,1.28129208904
896,5.50103289762,2.75760011101,32.2228658018,1.50507899794,1.13726851818,3.22228658018,0.854361246094,0.572443139847,0.992453339144,3.1349519511,1.0,616.58608161,1.3020188376
897,5.50836680996,2.75627468902,32.2372689277,1.50559574429,1.13672189769,3.22372689277,0.861178412081,0.572169582108,0.992360338989,3.13496177676,1.0,616.585480623,1.32426611312
898,5.51570775274,2.75495916319,32.2515718481,1.5061157926,1.13617935851,3.22515718481,0.867999306549,0.571898065371,0.992267418215,3.1349728776,1.0,616.584883552,1.34848970671
899,5.52305568306,2.75365361391,32.2657735333,1.50663912177,1.13564093379,3.22657735333,0.874823907701,0.571628606261,0.99217459536,3.13498525491,1.0,616.584290444,1.37542307591
900,5.53041055738,2.75235812116,32.2798729568,1.50716571041,1.1351066565,3.22798729568,0.881652193376,0.571361221319,0.992081889021,3.13499890976,1.0,616.583701347,1.40639232689
901,5.53777233153,2.75107276453,32.2938690957,1.50769553688,1.13457655947,3.22938690957,0.888484141058,0.571095927004,0.99198931785,3.13501384287,1.0,616.583116311,1.44432797103
902,5.54514096069,2.74979762318,32.3077609309,1.50822857923,1.13405067535,3.23077609309,0.895319727869,0.57083273969,0.991896900549,3.13503005474,1.0,616.582535384,1.4996097803
903,5.55251639943,2.74853277585,32.3215474466,1.50876481527,1.13352903661,3.23215474466,0.902158930575,0.570571675663,0.991804655864,3.13504754553,0.0,0.0,0.0
904,5.55989860167,2.74727830085,32.3352276316,1.5093042225,1.13301167555,3.23352276316,0.909001725584,0.57031275112,0.991712602581,3.13506631513,0.0,0.0,0.0
905,5.5672875207,2.74603427607,32.3488004783,1.50984677816,1.13249862428,3.23488004783,0.915848088946,0.570055982168,0.991620759525,3.13508636314,0.0,0.0,0.0
906,5.57468310917,2.7448007789,32.3622649835,1.51039245923,1.13198991474,3.23622649835,0.922697996355,0.569801384819,0.991529145549,3.13510768887,0.0,0.0,0.0
907,5.58208531913,2.74357788632,32.3756201484,1.51094124239,1.13148557866,3.23756201484,0.929551423149,0.569548974992,0.991437779534,3.13513029131,0.0,0.0,0.0
908,5.58949410197,2.74236567481,32.3888649789,1.51149310407,1.13098564759,3.23888649789,0.936408344311,0.569298768509,0.991346680382,3.13515416919,0.0,0.0,0.0
909,5.59690940846,2.74116422039,32.4019984852,1.51204802041,1.13049015288,3.24019984852,0.943268734461,0.569050781093,0.991255867011,3.13517932091,0.0,0.0,0.0
910,5.60433118877,2.73997359858,32.4150196828,1.51260596729,1.12999912566,3.24150196828,0.95013256789,0.568805028365,0.991165358352,3.13520574459,0.0,0.0,0.0
911,5.61175939243,2.73879388441,32.4279275919,1.51316692033,1.12951259689,3.24279275919,0.956999818512,0.568561525845,0.991075173341,3.13523343803,0.0,0.0,0.0
912,5.61919396834,2.73762515239,32.440721238,1.51373085485,1.1290305973,3.2440721238,0.963870459899,0.568320288948,0.990985330916,3.13526239874,0.0,0.0,0.0
913,5.62663486479,2.73646747653,32.4533996519,1.51429774592,1.12855315741,3.24533996519,0.970744465272,0.568081332983,0.990895850013,3.13529262393,0.0,0.0,0.0
914,5.63408202945,2.73532093032,32.4659618698,1.51486756835,1.12808030752,3.24659618698,0.977621807502,0.567844673149,0.990806749559,3.13532411049,0.0,0.0,0.0
915,5.64153540938,2.73418558669,32.4784069334,1.51544029668,1.12761207772,3.24784069334,0.984502459112,0.567610324537,0.990718048465,3.13535685502,0.0,0.0,0.0
916,5.64899495103,2.73306151806,32.4907338905,1.51601590516,1.12714849786,3.24907338905,0.991386392279,0.567378302125,0.990629765626,3.1353908538,0.0,0.0,0.0
917,5.65646060023,2.73194879626,32.5029417946,1.51659436781,1.12668959758,3.25029417946,0.998273578836,0.567148620776,0.990541919911,3.13542610282,0.0,0.0,0.0
918,5.66393230222,2.7308474926,32.5150297053,1.51717565836,1.12623540628,3.25150297053,1.00516399027,0.566921295237,0.990454530162,3.13546259773,0.0,0.0,0.0
919,5.67141000162,2.72975767778,32.5269966885,1.51775975031,1.12578595312,3.25269966885,1.01205759773,0.566696340139,0.990367615183,3.13550033391,0.0,0.0,0.0
920,5.67889364246,2.72867942194,32.5388418163,1.51834661686,1.12534126703,3.25388418163,1.01895437201,0.566473769991,0.990281193741,3.1355393064,0.0,0.0,0.0
921,5.68638316816,2.72761279463,32.5505641676,1.51893623098,1.12490137668,3.25505641676,1.02585428359,0.566253599181,0.990195284556,3.13557950994,0.0,0.0,0.0
922,5.69387852155,2.7265578648,32.5621628278,1.51952856537,1.12446631053,3.25621628278,1.03275730259,0.566035841974,0.990109906298,3.13562093896,0.0,0.0,0.0
923,5.70137964488,2.72551470079,32.5736368893,1.52012359248,1.12403609674,3.25736368893,1.03966339881,0.565820512509,0.990025077581,3.13566358759,0.0,0.0,0.0
924,5.7088864798,2.72448337033,32.5849854513,1.5207212845,1.12361076326,3.25849854513,1.04657254171,0.565607624797,0.989940816958,3.13570744964,0.0,0.0,0.0
925,5.71639896737,2.72346394051,32.5962076205,1.52132161338,1.12319033775,3.25962076205,1.05348470041,0.565397192721,0.989857142915,3.1357525186,0.0,0.0,0.0
926,5.72391704809,2.72245647781,32.6073025105,1.52192455079,1.12277484762,3.26073025105,1.06039984372,0.565189230033,0.989774073864,3.13579878767,0.0,0.0,0.0
927,5.73144066187,2.72146104804,32.6182692427,1.52253006818,1.12236432003,3.26182692427,1.0673179401,0.564983750351,0.989691628141,3.13584624972,0.0,0.0,0.0
928,5.73896974804,2.72047771637,32.6291069459,1.52313813674,1.12195878185,3.26291069459,1.07423895771,0.564780767157,0.989609824,3.13589489733,0.0,0.0,0.0
929,5.74650424537,2.71950654732,32.6398147567,1.52374872741,1.12155825968,3.26398147567,1.08116286437,0.564580293801,0.989528679604,3.13594472276,0.0,0.0,0.0
930,5.75404409207,2.71854760472,32.6503918198,1.5243618109,1.12116277985,3.26503918198,1.08808962758,0.564382343489,0.989448213023,3.13599571796,0.0,0.0,0.0
931,5.76158922577,2.71760095174,32.6608372877,1.52497735766,1.1207723684,3.26608372877,1.09501921453,0.564186929292,0.989368442227,3.13604787457,0.0,0.0,0.0
932,5.76913958358,2.71666665084,32.6711503213,1.52559533791,1.12038705112,3.26711503213,1.10195159208,0.563994064133,0.989289385081,3.13610118393,0.0,0.0,0.0
933,5.77669510202,2.71574476381,32.6813300898,1.52621572162,1.12000685346,3.26813300898,1.10888672681,0.563803760798,0.989211059341,3.13615563708,0.0,0.0,0.0
934,5.78425571708,2.71483535171,32.6913757711,1.52683847855,1.11963180063,3.26913757711,1.11582458494,0.563616031921,0.989133482644,3.13621122474,0.0,0.0,0.0
935,5.79182136422,2.71393847491,32.7012865514,1.5274635782,1.1192619175,3.27012865514,1.12276513243,0.563430889994,0.989056672508,3.13626793734,0.0,0.0,0.0
936,5.79939197834,2.71305419305,32.7110616261,1.52809098984,1.11889722869,3.27110616261,1.12970833491,0.563248347355,0.988980646323,3.13632576499,0.0,0.0,0.0
937,5.80696749382,2.71218256504,32.7207001994,1.52872068253,1.11853775848,3.27207001994,1.1366541577,0.563068416196,0.988905421347,3.13638469752,0.0,0.0,0.0
938,5.81454784453,2.71132364905,32.7302014845,1.52935262508,1.11818353086,3.27302014845,1.14360256585,0.562891108552,0.9888310147,3.13644472445,0.0,0.0,0.0
939,5.82213296378,2.7104775025,32.739564704,1.52998678609,1.11783456952,3.2739564704,1.1505535241,0.562716436306,0.988757443358,3.136505835,0.0,0.0,0.0
940,5.8297227844,2.70964418206,32.7487890899,1.53062313394,1.11749089783,3.27487890899,1.15750699688,0.562544411185,0.988684724149,3.13656801809,0.0,0.0,0.0
941,5.8373172387,2.70882374364,32.7578738837,1.53126163676,1.11715253884,3.27578738837,1.16446294835,0.562375044758,0.988612873747,3.13663126236,0.0,0.0,0.0
942,5.84491625847,2.70801624239,32.7668183365,1.5319022625,1.1168195153,3.27668183365,1.17142134238,0.562208348435,0.988541908667,3.13669555614,0.0,0.0,0.0
943,5.85251977503,2.70722173265,32.7756217095,1.53254497888,1.11649184962,3.27756217095,1.17838214256,0.562044333464,0.988471845258,3.1367608875,0.0,0.0,0.0
944,5.86012771918,2.706440268,32.7842832736,1.5331897534,1.1161695639,3.27842832736,1.18534531219,0.561883010932,0.9884026997,3.13682724419,0.0,0.0,0.0
945,5.86774002125,2.70567190122,32.7928023098,1.53383655335,1.1158526799,3.27928023098,1.19231081431,0.56172439176,0.988334487997,3.13689461368,0.0,0.0,0.0
946,5.87535661109,2.70491668429,32.8011781095,1.53448534583,1.11554121907,3.28011781095,1.19927861166,0.561568486703,0.988267225973,3.13696298317,0.0,0.0,0.0
947,5.88297741806,2.70417466837,32.8094099744,1.53513609773,1.11523520249,3.28094099744,1.20624866674,0.561415306352,0.988200929266,3.13703233958,0.0,0.0,0.0
948,5.89060237108,2.70344590382,32.8174972167,1.53578877572,1.11493465095,3.28174972167,1.21322094177,0.561264861125,0.988135613322,3.13710266954,0.0,0.0,0.0
949,5.89823139858,2.70273044016,32.8254391592,1.53644334628,1.11463958485,3.28254391592,1.22019539871,0.561117161272,0.988071293392,3.13717395941,0.0,0.0,0.0
950,5.90586442856,2.70202832608,32.8332351356,1.53709977572,1.11435002429,3.28332351356,1.22717199925,0.560972216869,0.988007984525,3.13724619529,0.0,0.0,0.0
951,5.91350138856,2.70133960945,32.8408844904,1.53775803011,1.114065989,3.28408844904,1.23415070486,0.560830037821,0.987945701566,3.13731936298,0.0,0.0,0.0
952,5.92114220568,2.70066433727,32.8483865791,1.53841807538,1.11378749837,3.28483865791,1.24113147672,0.560690633857,0.987884459146,3.13739344805,0.0,0.0,0.0
953,5.9287868066,2.70000255569,32.8557407685,1.53907987723,1.11351457144,3.28557407685,1.24811427578,0.560554014527,0.987824271681,3.13746843579,0.0,0.0,0.0
954,5.93643511754,2.69935431003,32.8629464365,1.5397434012,1.11324722688,3.28629464365,1.25509906276,0.560420189208,0.987765153365,3.13754431123,0.0,0.0,0.0
955,5.94408706435,2.6987196447,32.8700029726,1.54040861264,1.11298548302,3.28700029726,1.26208579812,0.560289167093,0.987707118169,3.13762105916,0.0,0.0,0.0
956,5.95174257242,2.69809860326,32.8769097777,1.54107547674,1.11272935782,3.28769097777,1.2690744421,0.560160957198,0.98765017983,3.13769866409,0.0,0.0,0.0
957,5.95940156678,2.6974912284,32.8836662643,1.54174395849,1.11247886889,3.28836662643,1.27606495471,0.560035568354,0.987594351851,3.13777711032,0.0,0.0,0.0
958,5.96706397203,2.6968975619,32.8902718569,1.54241402272,1.11223403346,3.28902718569,1.28305729572,0.559913009212,0.987539647495,3.13785638187,0.0,0.0,0.0
959,5.97472971239,2.69631764466,32.8967259915,1.5430856341,1.11199486839,3.28967259915,1.2900514247,0.559793288234,0.987486079781,3.13793646253,0.0,0.0,0.0
960,5.98239871171,2.69575151669,32.9030281164,1.54375875713,1.11176139019,3.29030281164,1.29704730099,0.559676413701,0.987433661478,3.13801733588,0.0,0.0,0.0
961,5.99007089346,2.69519921707,32.909177692,1.54443335615,1.11153361497,3.2909177692,1.30404488372,0.559562393702,0.987382405103,3.13809898523,0.0,0.0,0.0
962,5.99774618074,2.69466078399,32.9151741907,1.54510939533,1.11131155848,3.29151741907,1.31104413182,0.55945123614,0.987332322912,3.1381813937,0.0,0.0,0.0
963,6.00542449629,2.69413625472,32.9210170973,1.54578683871,1.1110952361,3.29210170973,1.31804500399,0.559342948729,0.987283426903,3.13826454414,0.0,0.0,0.0
964,6.01310576252,2.6936256656,32.9267059092,1.54646565016,1.11088466281,3.29267059092,1.32504745877,0.559237538991,0.987235728804,3.13834841923,0.0,0.0,0.0
965,6.02078990149,2.69312905205,32.9322401361,1.54714579341,1.11067985322,3.29322401361,1.33205145448,0.559135014255,0.987189240076,3.13843300141,0.0,0.0,0.0
966,6.02847683491,2.69264644855,32.9376193003,1.54782723205,1.11048082155,3.29376193003,1.33905694926,0.559035381658,0.987143971901,3.13851827292,0.0,0.0,0.0
967,6.03616648419,2.69217788865,32.9428429372,1.54850992953,1.11028758163,3.29428429372,1.34606390107,0.558938648143,0.987099935188,3.13860421578,0.0,0.0,0.0
968,6.04385877041,2.69172340494,32.9479105945,1.54919384915,1.1101001469,3.29479105945,1.35307226767,0.558844820458,0.987057140559,3.13869081183,0.0,0.0,0.0
969,6.05155361436,2.69128302907,32.9528218332,1.5498789541,1.10991853043,3.29528218332,1.36008200667,0.558753905152,0.987015598353,3.1387780427,0.0,0.0,0.0
970,6.05925093651,2.69085679174,32.9575762271,1.55056520743,1.10974274486,3.29575762271,1.3670930755,0.558665908579,0.986975318617,3.13886588985,0.0,0.0,0.0
971,6.06695065706,2.69044472269,32.9621733632,1.55125257205,1.10957280247,3.29621733632,1.37410543142,0.558580836894,0.986936311106,3.13895433454,0.0,0.0,0.0
972,6.07465269592,2.6900468507,32.9666128417,1.55194101079,1.10940871512,3.29666128417,1.38111903154,0.558498696052,0.986898585278,3.13904335785,0.0,0.0,0.0
973,6.08235697273,2.68966320355,32.9708942759,1.55263048633,1.10925049428,3.29708942759,1.38813383281,0.558419491809,0.986862150291,3.1391329407,0.0,0.0,0.0
974,6.09006340686,2.6892938081,32.9750172925,1.55332096124,1.10909815101,3.29750172925,1.39514979204,0.558343229718,0.986827014998,3.13922306383,0.0,0.0,0.0
975,6.09777191745,2.68893869019,32.9789815319,1.55401239798,1.10895169598,3.29789815319,1.40216686588,0.558269915131,0.986793187947,3.13931370782,0.0,0.0,0.0
976,6.10548242337,2.68859787471,32.9827866475,1.55470475893,1.10881113944,3.29827866475,1.40918501084,0.558199553196,0.986760677376,3.1394048531,0.0,0.0,0.0
977,6.11319484326,2.68827138553,32.9864323066,1.55539800634,1.10867649125,3.29864323066,1.41620418333,0.558132148859,0.98672949121,3.13949647993,0.0,0.0,0.0
978,6.12090909555,2.68795924557,32.9899181901,1.55609210237,1.10854776086,3.29899181901,1.42322433959,0.558067706859,0.986699637057,3.13958856844,0.0,0.0,0.0
979,6.12862509844,2.68766147674,32.9932439925,1.5567870091,1.10842495729,3.29932439925,1.43024543575,0.558006231732,0.986671122208,3.13968109863,0.0,0.0,0.0
980,6.13634276993,2.68737809994,32.9964094223,1.55748268849,1.10830808918,3.29964094223,1.43726742784,0.557947727806,0.986643953633,3.13977405035,0.0,0.0,0.0
981,6.14406202781,2.68710913509,32.9994142015,1.55817910246,1.10819716474,3.29994142015,1.44429027176,0.557892199204,0.986618137979,3.13986740331,0.0,0.0,0.0
982,6.1517827897,2.68685460111,33.0022580662,1.55887621281,1.10809219177,3.30022580662,1.4513139233,0.557839649841,0.986593681564,3.13996113713,0.0,0.0,0.0
983,6.15950497304,2.68661451591,33.0049407664,1.55957398128,1.10799317765,3.30049407664,1.45833833816,0.557790083423,0.986570590381,3.14005523129,0.0,0.0,0.0
984,6.16722849507,2.68638889638,33.0074620662,1.56027236954,1.10790012936,3.30074620662,1.46536347194,0.557743503448,0.986548870092,3.14014966517,0.0,0.0,0.0
985,6.17495327291,2.68617775842,33.0098217435,1.56097133918,1.10781305344,3.30098217435,1.47238928014,0.557699913205,0.986528526024,3.14024441804,0.0,0.0,0.0
986,6.18267922352,2.6859811169,33.0120195905,1.56167085174,1.10773195604,3.30120195905,1.47941571819,0.557659315774,0.986509563172,3.14033946908,0.0,0.0,0.0
987,6.19040626371,2.68579898568,33.0140554136,1.56237086869,1.10765684286,3.30140554136,1.48644274143,0.557621714023,0.986491986193,3.14043479738,0.0,0.0,0.0
988,6.19813431017,2.6856313776,33.0159290331,1.56307135144,1.10758771921,3.30159290331,1.49347030514,0.557587110611,0.986475799408,3.14053038193,0.0,0.0,0.0
989,6.20586327946,2.6854783045,33.0176402838,1.56377226136,1.10752458997,3.30176402838,1.50049836451,0.557555507985,0.986461006795,3.14062620167,0.0,0.0,0.0
990,6.21359308805,2.68533977717,33.0191890147,1.56447355976,1.10746745957,3.30191890147,1.50752687469,0.557526908381,0.986447611994,3.14072223543,0.0,0.0,0.0
991,6.22132365228,2.68521580538,33.0205750888,1.56517520793,1.10741633207,3.30205750888,1.51455579076,0.557501313823,0.986435618302,3.14081846201,0.0,0.0,0.0
992,6.22905488843,2.6851063979,33.0217983839,1.5658771671,1.10737121107,3.30217983839,1.52158506774,0.557478726122,0.98642502867,3.14091486012,0.0,0.0,0.0
993,6.23678671268,2.68501156244,33.0228587918,1.56657939846,1.10733209975,3.30228587918,1.52861466063,0.557459146879,0.986415845707,3.14101140845,0.0,0.0,0.0
994,6.24451904115,2.68493130572,33.0237562188,1.56728186319,1.10729900088,3.30237562188,1.53564452437,0.557442577479,0.986408071674,3.14110808562,0.0,0.0,0.0
995,6.2522517899,2.68486563339,33.0244905855,1.56798452244,1.10727191679,3.30244905855,1.54267461387,0.557429019095,0.986401708487,3.14120487021,0.0,0.0,0.0
996,6.25998487492,2.68481455009,33.025061827,1.56868733732,1.10725084941,3.3025061827,1.54970488401,0.55741847269,0.986396757714,3.14130174079,0.0,0.0,0.0
997,6.26771821219,2.68477805945,33.0254698927,1.56939026895,1.10723580021,3.30254698927,1.55673528965,0.557410939009,0.986393220576,3.14139867587,0.0,0.0,0.0
998,6.27545171764,2.68475616403,33.0257147466,1.57009327841,1.10722677027,3.30257147466,1.56376578564,0.557406418587,0.986391097944,3.14149565398,0.0,0.0,0.0
999,6.28318530718,2.68474886538,33.025796367,1.57079632679,1.10722376022,3.3025796367,1.57079632679,0.557404911745,0.986390390342,3.14159265359,0.0,0.0,0.0
